HMMER3/f [3.3 | Nov 2019]
NAME  Sdh_cyt
ACC   PF01127.27
DESC  Succinate dehydrogenase/Fumarate reductase transmembrane subunit
LENG  122
ALPH  amino
RF    no
MM    no
CONS  yes
CS    no
MAP   yes
DATE  Sun Dec 24 09:51:22 2023
NSEQ  55
EFFN  7.012634
CKSUM 1114100162
GA    25.8 25.8;
TC    25.8 25.8;
NC    25.7 25.7;
BM    hmmbuild HMM.ann SEED.ann
SM    hmmsearch -E 1000 -Z 81514348 --cpu 4 HMM pfamseq
STATS LOCAL MSV       -9.8709  0.71316
STATS LOCAL VITERBI  -10.8057  0.71316
STATS LOCAL FORWARD   -4.2517  0.71316
HMM          A        C        D        E        F        G        H        I        K        L        M        N        P        Q        R        S        T        V        W        Y   
            m->m     m->i     m->d     i->m     i->i     d->m     d->d
  COMPO   2.39731  4.46151  3.52471  3.24233  2.99335  2.79912  3.40999  2.57046  3.06037  2.10549  3.46190  3.47399  3.53632  3.42412  3.06834  2.68956  2.79397  2.42262  3.90658  3.46311
          2.68618  4.42225  2.77519  2.73123  3.46354  2.40513  3.72494  3.29354  2.67741  2.69355  4.24690  2.90347  2.73739  3.18146  2.89801  2.37887  2.77519  2.98518  4.58477  3.61503
          0.10199  5.64296  2.37070  0.61958  0.77255  0.00000        *
      1   2.88437  5.63711  3.11071  2.67419  4.97669  3.38449  4.10297  3.90815  2.15736  3.94005  1.85822  2.93325  3.37670  2.31709  2.65569  2.48735  2.59961  3.40371  6.07309  4.66547      1 m - - -
          2.68618  4.42225  2.77519  2.73123  3.46354  2.40513  3.72494  3.29354  2.67741  2.69355  4.24690  2.90347  2.73739  3.18146  2.89801  2.37887  2.77519  2.98518  4.58477  3.61503
          0.00581  5.54678  6.26913  0.61958  0.77255  0.67793  0.70860
      2   2.65771  5.62564  2.68634  2.86607  4.95356  3.50638  4.12592  3.43076  2.38361  2.54352  4.67084  2.36337  3.23269  3.22801  1.98447  2.50001  2.33962  3.36111  6.06873  4.66836      2 r - - -
          2.68618  4.42225  2.77519  2.73123  3.46354  2.40513  3.72494  3.29354  2.67741  2.69355  4.24690  2.90347  2.73739  3.18146  2.89801  2.37887  2.77519  2.98518  4.58477  3.61503
          0.00565  5.57554  6.29788  0.61958  0.77255  0.56582  0.83908
      3   2.98533  5.60995  3.04396  2.37262  3.93232  3.60061  3.45978  3.22203  1.91437  2.56322  3.32932  2.75698  2.94041  3.25830  2.63381  2.51290  3.40597  3.34330  6.06126  3.03726      3 k - - -
          2.68618  4.42225  2.77519  2.73123  3.46354  2.40513  3.72494  3.29354  2.67741  2.69355  4.24690  2.90347  2.73739  3.18146  2.89801  2.37887  2.77519  2.98518  4.58477  3.61503
          0.00548  5.60526  6.32760  0.61958  0.77255  0.47734  0.96872
      4   2.93117  5.69771  3.20977  2.27573  5.04345  3.05460  3.47469  3.18821  2.40608  4.00328  4.73820  1.99380  3.10299  2.19494  2.34788  2.96787  2.84124  4.08871  6.13000  3.20637      4 n - - -
          2.68618  4.42225  2.77519  2.73123  3.46354  2.40513  3.72494  3.29354  2.67741  2.69355  4.24690  2.90347  2.73739  3.18146  2.89801  2.37887  2.77519  2.98518  4.58477  3.61503
          0.00535  5.62980  6.35214  0.61958  0.77255  0.55353  0.85547
      5   3.38123  5.83353  3.65602  3.07660  5.21003  4.12988  4.25877  4.66495  2.21673  4.12204  4.88108  2.91720  3.91316  2.81754  0.96821  2.77708  2.17668  4.24431  6.22343  4.86654      5 r - - -
          2.68618  4.42225  2.77519  2.73123  3.46354  2.40513  3.72494  3.29354  2.67741  2.69355  4.24690  2.90347  2.73739  3.18146  2.89801  2.37887  2.77519  2.98518  4.58477  3.61503
          0.00535  5.62980  6.35214  0.61958  0.77255  0.55353  0.85547
      6   2.18682  5.65056  3.45794  2.76834  4.97537  3.49426  3.71233  3.66403  2.70956  3.94702  4.69690  2.98663  1.13514  3.02947  3.02674  2.73135  3.10767  4.03033  6.09553  4.69765      6 p - - -
          2.68560  4.42248  2.77522  2.73103  3.46336  2.40536  3.72518  3.29377  2.67764  2.69378  4.24713  2.90344  2.73741  3.18135  2.89801  2.37881  2.77497  2.98516  4.58500  3.61526
          0.06592  3.25923  3.67404  1.81800  0.17716  0.55353  0.85547
      7   2.93666  4.67030  4.94663  3.81944  3.05005  4.38633  4.70480  2.05510  3.26504  1.32947  3.00894  3.25460  4.75286  3.70065  3.23366  3.68512  2.92112  2.00126  5.28738  3.54328     18 l - - -
          2.68618  4.42225  2.77519  2.73123  3.46354  2.40513  3.72494  3.29354  2.67741  2.69355  4.24690  2.90347  2.73739  3.18146  2.89801  2.37887  2.77519  2.98518  4.58477  3.61503
          0.00548  5.60588  6.32823  0.61958  0.77255  0.55615  0.85194
      8   2.57044  5.53308  3.50761  2.76527  3.67231  2.74040  3.82572  4.26002  2.38434  3.34231  4.59071  2.24251  4.38044  3.30524  3.06768  1.47912  3.10908  3.22312  4.22015  3.37727     19 s - - -
          2.68618  4.42225  2.77519  2.73123  3.46354  2.40513  3.72494  3.29354  2.67741  2.69355  4.24690  2.90347  2.73739  3.18146  2.89801  2.37887  2.77519  2.98518  4.58477  3.61503
          0.00540  5.61936  6.34170  0.61958  0.77255  0.60362  0.79148
      9   2.74979  5.54811  3.16058  2.62900  4.05843  3.98678  4.18175  4.28301  2.94413  2.37128  4.60482  3.22166  1.38689  3.30093  2.06998  2.95341  2.81995  3.90763  6.01717  4.64401     20 p - - -
          2.68618  4.42225  2.77519  2.73123  3.46354  2.40513  3.72494  3.29354  2.67741  2.69355  4.24690  2.90347  2.73739  3.18146  2.89801  2.37887  2.77519  2.98518  4.58477  3.61503
          0.00540  5.61936  6.34170  0.61958  0.77255  0.60362  0.79148
     10   2.08902  5.65035  2.21343  2.89123  4.08080  3.96207  1.54771  3.71686  2.37557  3.94821  4.69560  2.83840  4.35516  3.07299  2.91815  2.97476  3.41292  3.07048  6.09348  4.69324     21 h - - -
          2.68618  4.42225  2.77519  2.73123  3.46354  2.40513  3.72494  3.29354  2.67741  2.69355  4.24690  2.90347  2.73739  3.18146  2.89801  2.37887  2.77519  2.98518  4.58477  3.61503
          0.00540  5.61936  6.34170  0.61958  0.77255  0.60362  0.79148
     11   2.92768  4.79762  4.46462  3.09097  3.11240  4.30191  4.58596  2.81878  3.31547  1.13607  3.53221  4.18481  4.67507  3.65437  2.22510  2.66032  3.10634  3.05696  3.86566  3.66657     22 l - - -
          2.68624  4.42231  2.77509  2.73129  3.46360  2.40519  3.72457  3.29360  2.67747  2.69314  4.24696  2.90353  2.73746  3.18127  2.89807  2.37893  2.77526  2.98525  4.58483  3.61509
          0.03659  4.04533  3.99407  1.26499  0.33162  0.41854  1.07296
     12   2.98583  5.60567  3.47519  2.91889  3.72059  1.95778  3.69476  4.37457  2.52495  2.85896  4.65623  3.46019  3.87697  1.95161  2.78824  2.25021  2.23364  3.97633  6.06107  3.82434     29 q - - -
          2.68618  4.42225  2.77519  2.73123  3.46354  2.40513  3.72494  3.29354  2.67741  2.69355  4.24690  2.90347  2.73739  3.18146  2.89801  2.37887  2.77519  2.98518  4.58477  3.61503
          0.00536  5.62655  6.34889  0.61958  0.77255  0.56945  0.83433
     13   2.94382  4.83243  4.38136  3.80648  3.94982  4.28563  4.56255  1.92400  2.84833  1.74487  2.88763  3.69467  3.71437  3.20322  2.72885  2.87117  2.58827  2.11334  5.43109  4.22065     30 l - - -
          2.68618  4.42225  2.77519  2.73123  3.46354  2.40513  3.72494  3.29354  2.67741  2.69355  4.24690  2.90347  2.73739  3.18146  2.89801  2.37887  2.77519  2.98518  4.58477  3.61503
          0.00536  5.62655  6.34889  0.61958  0.77255  0.56945  0.83433
     14   3.26933  4.64676  5.21461  4.60071  3.39271  1.98696  4.76796  2.21282  4.38960  2.50359  2.94318  4.59284  4.80038  4.52403  4.40411  2.96404  3.50150  2.23751  2.82053  1.55165     31 y - - -
          2.68618  4.42225  2.77519  2.73123  3.46354  2.40513  3.72494  3.29354  2.67741  2.69355  4.24690  2.90347  2.73739  3.18146  2.89801  2.37887  2.77519  2.98518  4.58477  3.61503
          0.00536  5.62655  6.34889  0.61958  0.77255  0.56945  0.83433
     15   2.54586  5.69291  3.43384  2.73291  3.85123  3.13628  2.98554  4.52260  1.84284  3.62674  4.73379  2.53563  4.35173  2.74346  1.78931  2.26187  3.09157  4.08317  6.12596  4.71562     32 r - - -
          2.68612  4.42235  2.77500  2.73133  3.46321  2.40523  3.72505  3.29364  2.67751  2.69365  4.24700  2.90336  2.73750  3.18112  2.89811  2.37897  2.77530  2.98506  4.58487  3.61445
          0.21270  2.82682  2.02194  0.80487  0.59266  0.43677  1.03879
     16   1.84314  4.82613  3.48576  3.22543  2.42964  4.16903  4.43198  2.80277  3.05723  2.04604  3.93235  3.94940  2.40671  3.43932  3.84390  2.83513  3.39577  3.09427  2.81397  3.47406     36 a - - -
          2.68619  4.42226  2.77520  2.73124  3.46355  2.40514  3.72495  3.29355  2.67742  2.69356  4.24691  2.90348  2.73741  3.18147  2.89781  2.37888  2.77520  2.98519  4.58478  3.61504
          0.04295  3.89263  3.83290  0.40476  1.10002  0.34493  1.23194
     17   3.17426  5.68506  3.42257  2.68056  5.03084  3.15814  2.02400  4.51668  2.11528  3.99024  4.72570  2.85364  2.09634  2.20575  2.57727  2.68831  3.15953  3.68069  6.11694  4.70645     38 h - - -
          2.68630  4.42237  2.77531  2.73135  3.46316  2.40525  3.72506  3.29366  2.67714  2.69367  4.24702  2.90359  2.73723  3.18158  2.89813  2.37899  2.77491  2.98494  4.58489  3.61453
          0.08948  2.47920  6.32730  0.67858  0.70793  0.38661  1.13743
     18   2.41424  4.95443  3.71841  2.71667  3.22056  4.22694  3.15896  2.36994  2.70883  1.72670  4.05812  3.97020  3.32989  3.82159  3.87168  2.74504  2.78134  2.35628  5.53759  3.25446     41 l - - -
          2.68618  4.42225  2.77519  2.73123  3.46354  2.40513  3.72494  3.29354  2.67741  2.69355  4.24690  2.90347  2.73739  3.18146  2.89801  2.37887  2.77519  2.98518  4.58477  3.61503
          0.00528  5.64296  6.36530  0.61958  0.77255  0.48576  0.95510
     19   2.56267  4.12645  2.47273  2.55972  4.94004  1.84090  4.17618  4.40370  2.92517  3.91896  3.68589  3.20924  2.76569  3.28418  3.41184  2.70673  1.74564  3.62921  6.08037  4.69006     42 t - - -
          2.68618  4.42225  2.77519  2.73123  3.46354  2.40513  3.72494  3.29354  2.67741  2.69355  4.24690  2.90347  2.73739  3.18146  2.89801  2.37887  2.77519  2.98518  4.58477  3.61503
          0.00528  5.64296  6.36530  0.61958  0.77255  0.48576  0.95510
     20   1.86319  4.77739  4.59817  3.37234  3.88567  3.05133  4.63657  3.23287  3.91595  2.50203  2.15110  4.27304  4.71436  4.15581  4.13739  2.30964  1.88320  2.39615  3.10871  4.18676     43 a - - -
          2.68618  4.42225  2.77519  2.73123  3.46354  2.40513  3.72494  3.29354  2.67741  2.69355  4.24690  2.90347  2.73739  3.18146  2.89801  2.37887  2.77519  2.98518  4.58477  3.61503
          0.00528  5.64296  6.36530  0.61958  0.77255  0.48576  0.95510
     21   2.55946  4.95682  3.53882  3.27186  3.57737  3.45531  3.26271  2.48048  3.10752  2.50142  2.85489  3.44811  4.60472  2.87410  3.86882  2.91411  2.33046  2.61723  2.45715  2.92745     44 t - - -
          2.68618  4.42225  2.77519  2.73123  3.46354  2.40513  3.72494  3.29354  2.67741  2.69355  4.24690  2.90347  2.73739  3.18146  2.89801  2.37887  2.77519  2.98518  4.58477  3.61503
          0.00528  5.64296  6.36530  0.61958  0.77255  0.48576  0.95510
     22   2.35553  3.73694  3.26346  4.26106  3.39089  3.23803  2.39054  2.96010  4.12130  1.52833  2.76295  4.41913  4.75921  4.32110  3.30568  2.86265  3.06388  2.22622  4.00487  4.14368     45 l - - -
          2.68618  4.42225  2.77519  2.73123  3.46354  2.40513  3.72494  3.29354  2.67741  2.69355  4.24690  2.90347  2.73739  3.18146  2.89801  2.37887  2.77519  2.98518  4.58477  3.61503
          0.00528  5.64296  6.36530  0.61958  0.77255  0.48576  0.95510
     23   4.34459  5.74187  5.45838  5.00485  2.70358  5.23715  2.66252  4.28398  4.86349  3.12769  4.88988  5.00094  5.58068  4.98323  5.00511  0.83609  4.57348  4.11844  1.44974  3.23746     46 s - - -
          2.68618  4.42225  2.77519  2.73123  3.46354  2.40513  3.72494  3.29354  2.67741  2.69355  4.24690  2.90347  2.73739  3.18146  2.89801  2.37887  2.77519  2.98518  4.58477  3.61503
          0.00528  5.64296  6.36530  0.61958  0.77255  0.48576  0.95510
     24   2.82354  4.66278  5.17827  4.56730  3.75592  3.08586  4.77096  1.10305  4.36592  2.34036  3.03318  4.58194  4.80492  4.50938  3.17719  3.17644  3.51036  2.31464  2.40169  4.10647     47 i - - -
          2.68618  4.42225  2.77519  2.73123  3.46354  2.40513  3.72494  3.29354  2.67741  2.69355  4.24690  2.90347  2.73739  3.18146  2.89801  2.37887  2.77519  2.98518  4.58477  3.61503
          0.00528  5.64296  6.36530  0.61958  0.77255  0.48576  0.95510
     25   2.18323  3.41871  5.19518  4.58300  2.10007  3.84298  4.77294  3.09208  4.37801  1.48140  3.11356  4.58902  4.80595  4.51791  3.47955  2.66209  2.59880  2.27217  5.28047  3.11612     48 l - - -
          2.68618  4.42225  2.77519  2.73123  3.46354  2.40513  3.72494  3.29354  2.67741  2.69355  4.24690  2.90347  2.73739  3.18146  2.89801  2.37887  2.77519  2.98518  4.58477  3.61503
          0.00528  5.64296  6.36530  0.61958  0.77255  0.48576  0.95510
     26   3.00251  5.15726  3.87584  3.08636  3.85064  4.15299  1.22585  3.70597  3.27613  3.10727  2.40260  3.78180  4.53717  1.78056  3.68390  3.37886  3.47770  3.45104  5.69061  3.77585     49 h - - -
          2.68618  4.42225  2.77519  2.73123  3.46354  2.40513  3.72494  3.29354  2.67741  2.69355  4.24690  2.90347  2.73739  3.18146  2.89801  2.37887  2.77519  2.98518  4.58477  3.61503
          0.00528  5.64296  6.36530  0.61958  0.77255  0.48576  0.95510
     27   2.78170  5.32643  4.13620  3.52372  4.52998  4.32454  4.47831  2.97440  2.62413  3.13917  4.42471  3.95803  4.69886  3.70241  0.69311  3.58047  3.28196  3.15964  5.85695  4.61777     50 R - - -
          2.68618  4.42225  2.77519  2.73123  3.46354  2.40513  3.72494  3.29354  2.67741  2.69355  4.24690  2.90347  2.73739  3.18146  2.89801  2.37887  2.77519  2.98518  4.58477  3.61503
          0.00528  5.64296  6.36530  0.61958  0.77255  0.48576  0.95510
     28   2.53033  4.65683  5.25450  4.63891  2.95216  2.99440  4.78828  1.43204  4.42237  1.78370  3.77438  4.61902  4.81758  4.55212  4.42809  3.76608  3.51574  1.61272  3.89352  3.48848     51 i - - -
          2.68618  4.42225  2.77519  2.73123  3.46354  2.40513  3.72494  3.29354  2.67741  2.69355  4.24690  2.90347  2.73739  3.18146  2.89801  2.37887  2.77519  2.98518  4.58477  3.61503
          0.00528  5.64296  6.36530  0.61958  0.77255  0.48576  0.95510
     29   3.39861  3.64275  5.56184  5.26612  4.15519  4.15913  5.87223  4.88226  5.14797  4.62531  5.46910  4.90402  4.97345  5.31941  5.26269  0.89908  0.86476  4.32729  6.90344  5.75997     52 t - - -
          2.68618  4.42225  2.77519  2.73123  3.46354  2.40513  3.72494  3.29354  2.67741  2.69355  4.24690  2.90347  2.73739  3.18146  2.89801  2.37887  2.77519  2.98518  4.58477  3.61503
          0.00528  5.64296  6.36530  0.61958  0.77255  0.48576  0.95510
     30   1.29151  5.33233  5.76936  5.72683  6.17202  0.53600  6.30268  5.64949  5.67447  5.36646  6.10922  5.04249  5.01676  5.74367  5.66472  3.20315  4.01265  3.48722  7.52361  6.50932     53 G - - -
          2.68618  4.42225  2.77519  2.73123  3.46354  2.40513  3.72494  3.29354  2.67741  2.69355  4.24690  2.90347  2.73739  3.18146  2.89801  2.37887  2.77519  2.98518  4.58477  3.61503
          0.00528  5.64296  6.36530  0.61958  0.77255  0.48576  0.95510
     31   2.20612  3.48179  5.25795  4.64218  2.60507  3.87276  4.78947  2.09524  4.42495  1.88442  3.77507  4.62066  4.81809  4.55432  4.42959  3.76670  3.22215  1.22606  4.01325  4.10413     54 v - - -
          2.68618  4.42225  2.77519  2.73123  3.46354  2.40513  3.72494  3.29354  2.67741  2.69355  4.24690  2.90347  2.73739  3.18146  2.89801  2.37887  2.77519  2.98518  4.58477  3.61503
          0.00528  5.64296  6.36530  0.61958  0.77255  0.48576  0.95510
     32   1.68750  3.95141  5.24372  4.63030  2.92948  2.49983  4.79640  1.65869  4.41861  1.93524  3.78584  4.61993  4.82426  4.55260  4.43160  3.40097  3.52293  1.94519  5.29324  4.11680     55 i - - -
          2.68618  4.42225  2.77519  2.73123  3.46354  2.40513  3.72494  3.29354  2.67741  2.69355  4.24690  2.90347  2.73739  3.18146  2.89801  2.37887  2.77519  2.98518  4.58477  3.61503
          0.00528  5.64296  6.36530  0.61958  0.77255  0.48576  0.95510
     33   3.39384  5.00994  5.62409  5.02301  3.95750  4.88985  5.23708  1.95048  4.82901  0.73226  2.33044  3.38594  5.20645  4.93469  4.84231  4.21407  3.89945  2.45887  5.66397  4.52048     56 l - - -
          2.68618  4.42225  2.77519  2.73123  3.46354  2.40513  3.72494  3.29354  2.67741  2.69355  4.24690  2.90347  2.73739  3.18146  2.89801  2.37887  2.77519  2.98518  4.58477  3.61503
          0.00528  5.64296  6.36530  0.61958  0.77255  0.48576  0.95510
     34   1.79602  4.65350  5.24024  4.62501  1.97786  3.55059  4.78094  2.69657  4.41024  1.78500  3.46650  4.60933  4.81121  4.54178  4.41904  3.43641  2.59334  1.88042  3.90373  3.35531     57 l - - -
          2.68618  4.42225  2.77519  2.73123  3.46354  2.40513  3.72494  3.29354  2.67741  2.69355  4.24690  2.90347  2.73739  3.18146  2.89801  2.37887  2.77519  2.98518  4.58477  3.61503
          0.00528  5.64296  6.36530  0.61958  0.77255  0.48576  0.95510
     35   3.06194  4.66633  5.16830  4.55853  2.19581  2.41038  4.77177  2.45061  4.36011  1.99354  3.78548  4.57862  2.34037  4.50566  4.39515  3.00916  3.19326  1.52133  5.28852  4.11075     58 v - - -
          2.68618  4.42225  2.77519  2.73123  3.46354  2.40513  3.72494  3.29354  2.67741  2.69355  4.24690  2.90347  2.73739  3.18146  2.89801  2.37887  2.77519  2.98518  4.58477  3.61503
          0.59706  5.64296  0.80736  0.61958  0.77255  0.48576  0.95510
     36   2.66276  4.37296  4.78741  4.18399  2.59343  2.89919  4.44402  2.78157  4.00096  1.12745  2.62726  4.23936  4.49018  4.15558  4.06050  3.43491  3.20831  2.61037  4.96994  2.74184     59 l - - -
          2.68618  4.42225  2.77519  2.73123  3.46354  2.40513  3.72494  3.29354  2.67741  2.69355  4.24690  2.90347  2.73739  3.18146  2.89801  2.37887  2.77519  2.98518  4.58477  3.61503
          0.00952  5.05541  5.77775  0.61958  0.77255  0.59012  0.80803
     37   2.52212  4.57324  4.71118  4.11888  3.67478  1.76525  4.56098  2.14065  3.97925  2.32155  3.02690  4.27635  3.87551  4.17916  4.11964  2.58120  2.20212  2.13687  5.18973  4.00272     60 g - - -
          2.68618  4.42225  2.77519  2.73123  3.46354  2.40513  3.72494  3.29354  2.67741  2.69355  4.24690  2.90347  2.73739  3.18146  2.89801  2.37887  2.77519  2.98518  4.58477  3.61503
          0.00668  5.40798  6.13032  0.61958  0.77255  0.25511  1.49090
     38   2.56237  3.57417  5.21686  4.60245  2.73259  3.84270  4.76739  2.33027  4.39029  1.47544  3.43112  4.59254  3.38722  4.52405  4.40323  2.37190  2.39442  2.16134  5.26513  3.17434     61 l - - -
          2.68618  4.42225  2.77519  2.73123  3.46354  2.40513  3.72494  3.29354  2.67741  2.69355  4.24690  2.90347  2.73739  3.18146  2.89801  2.37887  2.77519  2.98518  4.58477  3.61503
          0.00537  5.62541  6.34775  0.61958  0.77255  0.57497  0.82719
     39   2.91991  4.64098  5.23749  4.62165  2.46407  2.88782  4.77102  1.88994  4.40498  1.77184  3.20818  4.60175  4.80078  4.53489  4.41075  3.16564  3.21632  2.24676  2.47888  2.46207     62 l - - -
          2.68618  4.42225  2.77519  2.73123  3.46354  2.40513  3.72494  3.29354  2.67741  2.69355  4.24690  2.90347  2.73739  3.18146  2.89801  2.37887  2.77519  2.98518  4.58477  3.61503
          0.00537  5.62541  6.34775  0.61958  0.77255  0.57497  0.82719
     40   2.72730  4.66368  5.08395  4.47822  1.89515  2.86904  2.07034  2.39696  4.29414  1.82288  3.49100  4.53165  2.39658  4.45243  4.35351  3.72301  3.49751  2.58454  5.28307  4.10350     63 l - - -
          2.68618  4.42225  2.77519  2.73123  3.46354  2.40513  3.72494  3.29354  2.67741  2.69355  4.24690  2.90347  2.73739  3.18146  2.89801  2.37887  2.77519  2.98518  4.58477  3.61503
          0.00537  5.62541  6.34775  0.61958  0.77255  0.57497  0.82719
     41   2.47083  3.77916  5.24188  4.62576  2.43012  3.76131  4.77192  2.40996  4.40814  1.28391  2.75470  4.60378  4.80139  4.53727  4.41243  3.33917  2.95571  1.87655  4.08901  4.08680     64 l - - -
          2.68618  4.42225  2.77519  2.73123  3.46354  2.40513  3.72494  3.29354  2.67741  2.69355  4.24690  2.90347  2.73739  3.18146  2.89801  2.37887  2.77519  2.98518  4.58477  3.61503
          0.00537  5.62541  6.34775  0.61958  0.77255  0.43377  1.04430
     42   2.50623  4.65365  5.23851  4.62339  2.45122  2.80009  3.12780  2.26593  4.40899  1.64351  3.42169  4.60851  4.81095  4.54084  4.41836  3.41492  3.09208  1.85009  3.98009  2.71677     65 l - - -
          2.68618  4.42225  2.77519  2.73123  3.46354  2.40513  3.72494  3.29354  2.67741  2.69355  4.24690  2.90347  2.73739  3.18146  2.89801  2.37887  2.77519  2.98518  4.58477  3.61503
          0.25177  5.64296  1.51853  0.61958  0.77255  0.48576  0.95510
     43   2.90730  3.38892  3.71958  3.53781  2.65806  2.86762  3.64368  1.95911  4.22040  1.68594  2.92037  4.43310  4.65219  4.36148  4.24707  3.59699  3.35656  1.93498  3.32507  3.95105     66 l - - -
          2.68610  4.42242  2.77509  2.73140  3.46317  2.40530  3.72511  3.29326  2.67758  2.69345  4.24707  2.90364  2.73731  3.18163  2.89787  2.37904  2.77453  2.98535  4.58494  3.61520
          0.14518  2.78577  2.61111  1.37334  0.29204  1.13848  0.38611
     44   2.59452  3.78526  4.97477  4.36493  2.95593  2.98901  4.58179  2.05448  4.16751  2.67006  3.59822  4.38795  4.61704  3.53401  4.20437  3.24230  2.77699  2.03222  1.73336  2.90672     75 w - - -
          2.68618  4.42225  2.77519  2.73123  3.46354  2.40513  3.72494  3.29354  2.67741  2.69355  4.24690  2.90347  2.73739  3.18146  2.89801  2.37887  2.77519  2.98518  4.58477  3.61503
          0.24154  5.34393  1.56158  0.61958  0.77255  1.35549  0.29816
     45   2.34787  4.46972  4.29593  3.25660  2.57623  2.92584  4.33110  2.73926  3.08841  1.64880  3.58299  3.96916  3.74971  3.85209  3.83301  2.83983  2.91483  2.26839  5.07698  2.81216     76 l - - -
          2.68618  4.42225  2.77519  2.73123  3.46354  2.40513  3.72494  3.29354  2.67741  2.69355  4.24690  2.90347  2.73739  3.18146  2.89801  2.37887  2.77519  2.98518  4.58477  3.61503
          0.00900  5.11138  5.83373  0.61958  0.77255  0.75935  0.63106
     46   2.35142  4.49034  4.98549  4.37578  3.25694  3.67525  4.59319  2.06639  3.52790  1.39391  3.05123  4.39903  4.62810  4.32513  4.21555  3.35987  2.22857  2.03504  5.11162  3.93372     77 l - - -
          2.68618  4.42225  2.77519  2.73123  3.46354  2.40513  3.72494  3.29354  2.67741  2.69355  4.24690  2.90347  2.73739  3.18146  2.89801  2.37887  2.77519  2.98518  4.58477  3.61503
          0.05395  5.35950  3.04038  0.61958  0.77255  1.16871  0.37218
     47   2.03221  4.59513  3.52782  3.83067  2.69158  2.87970  4.45263  2.57050  3.73064  1.69498  3.39760  2.97473  4.53099  3.97087  3.95292  2.69328  2.76725  2.29702  5.20220  4.00399     78 l - - -
          2.68618  4.42225  2.77519  2.73123  3.46354  2.40513  3.72494  3.29354  2.67741  2.69355  4.24690  2.90347  2.73739  3.18146  2.89801  2.37887  2.77519  2.98518  4.58477  3.61503
          0.00715  5.34026  6.06260  0.61958  0.77255  0.38115  1.14908
     48   1.89556  4.97327  2.44559  3.41731  3.14512  2.93628  3.53866  2.89495  3.38039  1.92449  4.07321  3.31425  4.53013  3.69206  3.75691  2.32097  2.92797  2.50918  5.54705  4.30148     79 a - - -
          2.68618  4.42225  2.77519  2.73123  3.46354  2.40513  3.72494  3.29354  2.67741  2.69355  4.24690  2.90347  2.73739  3.18146  2.89801  2.37887  2.77519  2.98518  4.58477  3.61503
          0.00568  5.57025  6.29260  0.61958  0.77255  0.55716  0.85059
     49   2.21744  4.28539  2.79859  3.27593  3.74517  2.83526  4.34290  3.37789  2.90502  2.16302  3.73360  3.23260  2.29112  3.58039  3.35940  2.53963  3.20338  2.14508  5.66796  4.39663     80 v - - -
          2.68618  4.42225  2.77519  2.73123  3.46354  2.40513  3.72494  3.29354  2.67741  2.69355  4.24690  2.90347  2.73739  3.18146  2.89801  2.37887  2.77519  2.98518  4.58477  3.61503
          0.21983  5.60436  1.64163  0.61958  0.77255  0.38541  1.13996
     50   2.04498  4.83590  4.00854  3.44081  3.30434  2.85497  4.35752  2.91988  2.72450  1.97218  3.93939  3.84391  4.48238  3.23418  3.21913  1.93399  2.85808  2.50992  5.41857  3.59355     81 s - - -
          2.68618  4.42225  2.77519  2.73123  3.46354  2.40513  3.72494  3.29354  2.67741  2.69355  4.24690  2.90347  2.73739  3.18146  2.89801  2.37887  2.77519  2.98518  4.58477  3.61503
          0.02907  5.43887  3.71703  0.61958  0.77255  0.85422  0.55446
     51   2.52151  4.65837  4.53037  3.94694  3.22358  2.71592  3.83938  2.24634  3.84076  1.39101  3.77214  3.14747  4.61414  4.07465  2.78614  2.99121  2.86808  2.37785  5.26686  4.07080     82 l - - -
          2.68618  4.42225  2.77519  2.73123  3.46354  2.40513  3.72494  3.29354  2.67741  2.69355  4.24690  2.90347  2.73739  3.18146  2.89801  2.37887  2.77519  2.98518  4.58477  3.61503
          0.00628  5.46921  6.19156  0.61958  0.77255  0.49768  0.93634
     52   2.21070  3.61786  3.89546  2.98469  4.19730  2.32230  3.07675  3.17118  3.30262  1.98665  3.57977  3.78400  4.50608  3.15755  3.35842  2.04772  2.47310  3.02473  5.60334  4.34461     83 l - - -
          2.68620  4.42227  2.77521  2.73125  3.46356  2.40515  3.72496  3.29356  2.67743  2.69357  4.24692  2.90348  2.73710  3.18148  2.89803  2.37889  2.77521  2.98520  4.58479  3.61505
          0.03338  3.47405  6.29928  0.31842  1.29937  0.63391  0.75611
     53   2.46984  5.61859  2.52994  2.57711  4.93886  2.34128  3.51675  3.11803  2.69345  3.20822  4.66584  3.43019  3.17586  3.05643  3.06033  1.98376  2.45427  3.46633  4.36773  3.65481     85 s - - -
          2.68618  4.42225  2.77519  2.73123  3.46354  2.40513  3.72494  3.29354  2.67741  2.69355  4.24690  2.90347  2.73739  3.18146  2.89801  2.37887  2.77519  2.98518  4.58477  3.61503
          0.00553  5.59609  6.31843  0.61958  0.77255  0.36948  1.17471
     54   2.22685  5.69572  2.77968  1.99109  3.55006  2.25844  3.01131  3.49795  2.74068  3.99941  4.73738  3.43771  2.22238  2.60401  3.38486  2.56359  3.42505  4.08435  6.13064  4.72191     86 e - - -
          2.68618  4.42225  2.77519  2.73123  3.46354  2.40513  3.72494  3.29354  2.67741  2.69355  4.24690  2.90347  2.73739  3.18146  2.89801  2.37887  2.77519  2.98518  4.58477  3.61503
          0.00528  5.64296  6.36530  0.61958  0.77255  0.48576  0.95510
     55   2.07459  5.69270  2.34155  1.81669  3.70679  3.02624  3.48298  3.97799  2.41023  2.78105  3.79297  3.22126  4.36249  2.82641  3.08365  2.56620  3.42472  4.08074  6.12829  3.52806     87 e - - -
          2.68596  4.42226  2.77521  2.73125  3.46355  2.40514  3.72496  3.29355  2.67742  2.69356  4.24691  2.90348  2.73741  3.18148  2.89802  2.37888  2.77521  2.98520  4.58478  3.61505
          0.04722  3.71907  3.82284  0.34995  1.21984  0.48576  0.95510
     56   2.32106  3.84751  2.31708  2.67413  3.32980  2.50893  3.78100  4.11416  3.00594  3.70309  4.50596  3.53579  4.40639  3.35767  3.47508  1.56228  2.50386  3.00749  5.93279  3.86849     89 s - - -
          2.68618  4.42225  2.77519  2.73123  3.46354  2.40513  3.72494  3.29354  2.67741  2.69355  4.24690  2.90347  2.73739  3.18146  2.89801  2.37887  2.77519  2.98518  4.58477  3.61503
          0.00539  5.62261  6.34495  0.61958  0.77255  0.42657  1.05770
     57   2.72834  4.78112  4.58312  3.61380  1.77113  3.17986  3.31051  2.84445  3.90338  2.61266  3.45850  4.26383  3.77889  3.33093  3.24023  3.61654  2.65343  3.03782  3.87056  1.71576     90 y - - -
          2.68618  4.42225  2.77519  2.73123  3.46354  2.40513  3.72494  3.29354  2.67741  2.69355  4.24690  2.90347  2.73739  3.18146  2.89801  2.37887  2.77519  2.98518  4.58477  3.61503
          0.00528  5.64296  6.36530  0.61958  0.77255  0.48576  0.95510
     58   1.53244  5.69824  2.51508  1.85764  5.04060  3.27303  3.71908  4.52470  2.89177  4.00237  4.73963  2.81924  4.36194  2.60655  3.18258  2.98920  3.02270  2.73019  6.13254  3.58459     91 a - - -
          2.68618  4.42225  2.77519  2.73123  3.46354  2.40513  3.72494  3.29354  2.67741  2.69355  4.24690  2.90347  2.73739  3.18146  2.89801  2.37887  2.77519  2.98518  4.58477  3.61503
          0.00528  5.64296  6.36530  0.61958  0.77255  0.48576  0.95510
     59   2.39342  5.66290  3.46073  2.32746  3.56311  3.14052  3.38369  4.02477  2.55860  3.48905  3.84675  2.88361  3.56699  2.76350  2.20059  2.62051  2.17460  4.04407  4.47889  2.98985     92 t - - -
          2.68618  4.42225  2.77519  2.73123  3.46354  2.40513  3.72494  3.29354  2.67741  2.69355  4.24690  2.90347  2.73739  3.18146  2.89801  2.37887  2.77519  2.98518  4.58477  3.61503
          0.00528  5.64296  6.36530  0.61958  0.77255  0.48576  0.95510
     60   2.71105  4.65227  5.25030  4.63438  2.77854  3.70293  4.78275  2.05224  3.78507  1.90027  2.95418  4.61383  4.81240  4.54708  4.42271  3.76041  2.96356  1.32993  4.05471  2.75372     93 v - - -
          2.68595  4.42238  2.77602  2.73182  3.45963  2.40510  3.72481  3.29179  2.67761  2.69229  4.24681  2.90461  2.73835  3.18033  2.89847  2.37942  2.77593  2.98424  4.58603  3.61593
          0.52370  0.90151  6.36530  1.36393  0.29525  0.48576  0.95510
     61   2.36168  4.09140  3.61833  3.34717  3.41477  2.81658  3.11795  3.06427  2.49487  2.69006  3.68769  3.22811  4.53781  3.64324  2.96843  2.40479  2.57271  1.84731  5.65879  4.39601    102 v - - -
          2.68618  4.42225  2.77519  2.73123  3.46354  2.40513  3.72494  3.29354  2.67741  2.69355  4.24690  2.90347  2.73739  3.18146  2.89801  2.37887  2.77519  2.98518  4.58477  3.61503
          0.04970  5.64296  3.10240  0.61958  0.77255  0.48576  0.95510
     62   1.81227  5.66704  3.11624  2.30923  5.00703  2.86685  3.16534  4.48944  2.86837  3.25436  4.70903  2.21974  4.33747  2.73124  3.15517  2.22673  2.56477  3.43147  4.38870  4.69489    103 a - - -
          2.68618  4.42225  2.77519  2.73123  3.46354  2.40513  3.72494  3.29354  2.67741  2.69355  4.24690  2.90347  2.73739  3.18146  2.89801  2.37887  2.77519  2.98518  4.58477  3.61503
          0.00552  5.59877  6.32112  0.61958  0.77255  0.69425  0.69204
     63   2.79586  3.67909  4.57334  3.99133  2.66668  2.54884  3.66134  2.49766  3.07989  2.28884  3.53172  3.66219  2.54159  3.32743  3.51845  2.72895  3.46660  2.66261  2.63553  3.10658    104 l - - -
          2.68618  4.42225  2.77519  2.73123  3.46354  2.40513  3.72494  3.29354  2.67741  2.69355  4.24690  2.90347  2.73739  3.18146  2.89801  2.37887  2.77519  2.98518  4.58477  3.61503
          0.00552  5.59877  6.32112  0.61958  0.77255  0.69425  0.69204
     64   2.90351  4.65553  5.26170  4.64580  1.96517  4.45751  4.78975  2.24690  4.42837  1.43640  2.59448  4.62419  4.81711  4.55295  4.43055  3.77006  3.51660  2.02662  3.19717  2.73410    105 l - - -
          2.68618  4.42225  2.77519  2.73123  3.46354  2.40513  3.72494  3.29354  2.67741  2.69355  4.24690  2.90347  2.73739  3.18146  2.89801  2.37887  2.77519  2.98518  4.58477  3.61503
          0.16305  5.59877  1.91905  0.61958  0.77255  0.69425  0.69204
     65   1.78051  5.53959  3.35673  2.80122  3.94434  2.18141  3.54239  4.33264  2.45713  3.83586  4.58721  3.14119  2.61930  2.75007  3.29112  2.10511  2.67970  3.91852  5.98704  4.59042    106 a - - -
          2.68618  4.42225  2.77519  2.73123  3.46354  2.40513  3.72494  3.29354  2.67741  2.69355  4.24690  2.90347  2.73739  3.18146  2.89801  2.37887  2.77519  2.98518  4.58477  3.61503
          0.11223  5.44218  2.28441  0.61958  0.77255  0.84690  0.55992
     66   2.42537  4.14992  3.36224  2.66827  3.48104  2.65598  2.47085  4.20258  2.53107  3.41526  4.50453  2.45907  3.75953  3.16301  2.57400  2.06576  3.05345  3.25244  5.91325  3.68307    107 s - - -
          2.68574  4.42273  2.77568  2.73127  3.46319  2.40493  3.72482  3.29402  2.67789  2.69274  4.24738  2.90395  2.73702  3.18194  2.89824  2.37890  2.77526  2.98537  4.58035  3.61551
          0.50983  0.92332  6.11649  0.69352  0.69278  1.26574  0.33133
     67   2.81572  3.85576  4.91915  4.31468  3.61813  3.47246  4.59604  2.35529  3.56214  1.80090  3.64105  4.37758  1.48606  4.29686  4.20122  3.57499  3.09452  2.22190  3.04534  3.96227    116 p - - -
          2.68618  4.42225  2.77519  2.73123  3.46354  2.40513  3.72494  3.29354  2.67741  2.69355  4.24690  2.90347  2.73739  3.18146  2.89801  2.37887  2.77519  2.98518  4.58477  3.61503
          0.00677  5.39415  6.11649  0.61958  0.77255  0.47319  0.97554
     68   2.83154  4.60052  5.17110  4.55685  2.35213  2.89631  4.72361  1.95396  3.33802  2.19993  2.99627  4.54811  4.75474  3.90623  4.35899  3.70148  3.13496  1.75511  2.38671  3.42763    117 v - - -
          2.68618  4.42225  2.77519  2.73123  3.46354  2.40513  3.72494  3.29354  2.67741  2.69355  4.24690  2.90347  2.73739  3.18146  2.89801  2.37887  2.77519  2.98518  4.58477  3.61503
          0.00575  5.55785  6.28019  0.61958  0.77255  0.31150  1.31808
     69   2.65775  5.31218  3.68414  3.12506  3.33881  3.02903  3.77928  3.02262  1.95471  2.80105  4.39109  2.37960  3.42441  3.13517  2.78976  3.02880  2.61226  2.86656  3.61848  2.99031    118 k - - -
          2.68618  4.42225  2.77519  2.73123  3.46354  2.40513  3.72494  3.29354  2.67741  2.69355  4.24690  2.90347  2.73739  3.18146  2.89801  2.37887  2.77519  2.98518  4.58477  3.61503
          0.00528  5.64296  6.36530  0.61958  0.77255  0.48576  0.95510
     70   2.24558  4.82820  4.43242  3.85629  2.61447  2.96930  4.58609  2.76110  2.77586  1.72329  3.49002  4.16976  3.56256  3.52557  3.24652  2.31599  2.89652  2.31521  5.42877  4.22109    119 l - - -
          2.68618  4.42225  2.77519  2.73123  3.46354  2.40513  3.72494  3.29354  2.67741  2.69355  4.24690  2.90347  2.73739  3.18146  2.89801  2.37887  2.77519  2.98518  4.58477  3.61503
          0.00528  5.64296  6.36530  0.61958  0.77255  0.48576  0.95510
     71   2.34457  4.65271  5.24899  4.63320  2.25519  3.49560  4.78281  1.64849  4.41660  1.83402  3.77169  4.61344  4.81253  4.54658  4.42248  3.44362  3.19232  1.67806  4.00123  3.50199    120 i - - -
          2.68618  4.42225  2.77519  2.73123  3.46354  2.40513  3.72494  3.29354  2.67741  2.69355  4.24690  2.90347  2.73739  3.18146  2.89801  2.37887  2.77519  2.98518  4.58477  3.61503
          0.00528  5.64296  6.36530  0.61958  0.77255  0.48576  0.95510
     72   2.84339  3.96459  3.28432  3.30542  3.93119  3.09490  4.59611  2.46642  2.30412  1.39998  3.18517  4.18998  4.68665  4.06300  4.06539  3.29427  3.24723  2.57734  5.41947  2.45517    121 l - - -
          2.68618  4.42225  2.77519  2.73123  3.46354  2.40513  3.72494  3.29354  2.67741  2.69355  4.24690  2.90347  2.73739  3.18146  2.89801  2.37887  2.77519  2.98518  4.58477  3.61503
          0.48042  5.64296  0.97304  0.61958  0.77255  0.48576  0.95510
     73   2.29704  4.40653  4.73348  2.77035  3.17819  4.13653  4.45759  2.10052  3.38940  1.62286  2.82376  4.22208  4.50257  4.13656  4.05079  2.99319  2.90056  2.40465  3.32820  3.13880    122 l - - -
          2.68618  4.42225  2.77519  2.73123  3.46354  2.40513  3.72494  3.29354  2.67741  2.69355  4.24690  2.90347  2.73739  3.18146  2.89801  2.37887  2.77519  2.98518  4.58477  3.61503
          0.00847  5.17101  5.89336  0.61958  0.77255  0.13639  2.05963
     74   2.46779  4.65393  5.23663  4.62165  2.18408  3.67368  4.78028  1.98726  4.40767  1.74051  3.77287  3.82715  4.81077  4.53988  4.41771  3.05805  3.19201  1.88554  2.57469  3.57996    123 l - - -
          2.68618  4.42225  2.77519  2.73123  3.46354  2.40513  3.72494  3.29354  2.67741  2.69355  4.24690  2.90347  2.73739  3.18146  2.89801  2.37887  2.77519  2.98518  4.58477  3.61503
          0.00528  5.64296  6.36530  0.61958  0.77255  0.48576  0.95510
     75   2.09668  3.40951  5.23873  4.62391  3.06159  2.22982  4.78309  2.08521  4.41011  1.43938  3.04693  4.61016  4.81313  4.54240  4.42031  2.97862  3.51262  2.28137  5.27835  4.10227    124 l - - -
          2.68618  4.42225  2.77519  2.73123  3.46354  2.40513  3.72494  3.29354  2.67741  2.69355  4.24690  2.90347  2.73739  3.18146  2.89801  2.37887  2.77519  2.98518  4.58477  3.61503
          0.00528  5.64296  6.36530  0.61958  0.77255  0.48576  0.95510
     76   2.44901  3.95828  5.24721  3.69722  2.33202  3.91146  4.78208  2.25465  4.41516  1.23145  2.78172  4.61237  4.81193  4.54539  4.42150  3.12785  3.25573  2.31361  3.88929  3.65903    125 l - - -
          2.68618  4.42225  2.77519  2.73123  3.46354  2.40513  3.72494  3.29354  2.67741  2.69355  4.24690  2.90347  2.73739  3.18146  2.89801  2.37887  2.77519  2.98518  4.58477  3.61503
          0.00528  5.64296  6.36530  0.61958  0.77255  0.48576  0.95510
     77   2.18807  3.95867  5.24228  4.62691  3.06860  3.91865  4.78129  2.25270  4.41169  1.51074  3.36748  4.61022  3.31342  4.54285  4.41976  3.40477  2.12905  1.89426  4.00153  4.09904    126 l - - -
          2.68618  4.42225  2.77519  2.73123  3.46354  2.40513  3.72494  3.29354  2.67741  2.69355  4.24690  2.90347  2.73739  3.18146  2.89801  2.37887  2.77519  2.98518  4.58477  3.61503
          0.00528  5.64296  6.36530  0.61958  0.77255  0.48576  0.95510
     78   2.56610  3.68130  5.25388  4.63769  2.35690  3.61416  4.78323  2.28292  4.41989  1.78544  2.63331  4.61532  4.81268  4.54886  4.42390  3.20536  2.89004  2.15019  2.27713  3.13015    127 l - - -
          2.68618  4.42225  2.77519  2.73123  3.46354  2.40513  3.72494  3.29354  2.67741  2.69355  4.24690  2.90347  2.73739  3.18146  2.89801  2.37887  2.77519  2.98518  4.58477  3.61503
          0.00528  5.64296  6.36530  0.61958  0.77255  0.48576  0.95510
     79   1.16532  4.75377  4.69587  4.11067  3.12723  3.49580  4.66535  2.78274  3.99648  2.51264  3.86985  3.71139  2.31876  4.22184  4.18823  2.88815  2.94302  2.23378  5.36566  4.17223    128 a - - -
          2.68618  4.42225  2.77519  2.73123  3.46354  2.40513  3.72494  3.29354  2.67741  2.69355  4.24690  2.90347  2.73739  3.18146  2.89801  2.37887  2.77519  2.98518  4.58477  3.61503
          0.00528  5.64296  6.36530  0.61958  0.77255  0.48576  0.95510
     80   2.27149  4.68555  5.02106  2.88827  2.13248  2.78953  4.73936  2.89577  4.24976  1.50342  2.85430  4.50599  4.78383  3.85749  4.33409  3.37227  2.79871  2.30631  5.30364  3.39098    129 l - - -
          2.68618  4.42225  2.77519  2.73123  3.46354  2.40513  3.72494  3.29354  2.67741  2.69355  4.24690  2.90347  2.73739  3.18146  2.89801  2.37887  2.77519  2.98518  4.58477  3.61503
          0.00528  5.64296  6.36530  0.61958  0.77255  0.48576  0.95510
     81   2.61609  3.16742  5.25010  4.63432  1.77211  3.58091  4.78365  2.30456  4.41763  1.52430  2.71320  4.61433  4.81320  4.54753  4.42335  3.10287  3.00504  2.19898  5.27534  4.09954    130 l - - -
          2.68618  4.42225  2.77519  2.73123  3.46354  2.40513  3.72494  3.29354  2.67741  2.69355  4.24690  2.90347  2.73739  3.18146  2.89801  2.37887  2.77519  2.98518  4.58477  3.61503
          0.20269  5.64296  1.71519  0.61958  0.77255  0.48576  0.95510
     82   3.43643  4.82408  5.12777  4.56396  1.57672  4.54465  2.14646  2.97013  4.38838  2.99101  3.94674  4.57970  4.90177  4.52197  3.53385  3.85287  3.21158  2.80858  3.06308  1.38752    131 y - - -
          2.68618  4.42225  2.77519  2.73123  3.46354  2.40513  3.72494  3.29354  2.67741  2.69355  4.24690  2.90347  2.73739  3.18146  2.89801  2.37887  2.77519  2.98518  4.58477  3.61503
          0.00642  5.44669  6.16903  0.61958  0.77255  0.21907  1.62591
     83   4.46180  6.69710  3.71010  3.68605  5.30393  4.64711  0.26866  5.77284  3.72597  5.12397  6.11287  3.33735  5.28201  3.46888  4.00259  4.36815  4.75952  5.37545  6.64170  5.09346    132 H - - -
          2.68618  4.42225  2.77519  2.73123  3.46354  2.40513  3.72494  3.29354  2.67741  2.69355  4.24690  2.90347  2.73739  3.18146  2.89801  2.37887  2.77519  2.98518  4.58477  3.61503
          0.00528  5.64296  6.36530  0.61958  0.77255  0.48576  0.95510
     84   1.92621  4.65560  5.22604  4.61182  2.20183  2.50209  4.77876  2.32433  4.40024  1.87541  2.94030  4.60317  4.80984  4.53449  4.41409  3.18816  2.66626  2.04553  5.27723  3.64535    133 l - - -
          2.68618  4.42225  2.77519  2.73123  3.46354  2.40513  3.72494  3.29354  2.67741  2.69355  4.24690  2.90347  2.73739  3.18146  2.89801  2.37887  2.77519  2.98518  4.58477  3.61503
          0.00528  5.64296  6.36530  0.61958  0.77255  0.48576  0.95510
     85   1.83789  2.81936  5.11619  4.50906  2.64339  3.21735  4.75828  2.28438  3.81734  2.03546  3.15861  4.55229  4.79632  3.02090  3.36607  2.49684  3.50813  2.61833  3.42922  3.58325    134 a - - -
          2.68618  4.42225  2.77519  2.73123  3.46354  2.40513  3.72494  3.29354  2.67741  2.69355  4.24690  2.90347  2.73739  3.18146  2.89801  2.37887  2.77519  2.98518  4.58477  3.61503
          0.00528  5.64296  6.36530  0.61958  0.77255  0.48576  0.95510
     86   2.01205  5.09844  3.90936  3.03739  3.74171  3.47277  3.05176  2.43004  3.05741  2.35090  3.65741  1.61791  4.53755  3.30088  3.72244  3.07612  3.20693  3.04658  5.65930  3.63603    135 n - - -
          2.68618  4.42225  2.77519  2.73123  3.46354  2.40513  3.72494  3.29354  2.67741  2.69355  4.24690  2.90347  2.73739  3.18146  2.89801  2.37887  2.77519  2.98518  4.58477  3.61503
          0.00528  5.64296  6.36530  0.61958  0.77255  0.48576  0.95510
     87   3.83100  5.84504  4.10602  3.37432  6.35664  0.20706  5.72739  5.89505  4.87697  5.50322  6.34059  4.50881  5.15642  5.00046  5.25691  3.95577  3.37120  5.10808  7.57704  6.34215    136 G - - -
          2.68618  4.42225  2.77519  2.73123  3.46354  2.40513  3.72494  3.29354  2.67741  2.69355  4.24690  2.90347  2.73739  3.18146  2.89801  2.37887  2.77519  2.98518  4.58477  3.61503
          0.00528  5.64296  6.36530  0.61958  0.77255  0.48576  0.95510
     88   3.03106  4.73652  5.34971  4.74016  3.30338  4.56374  4.90813  1.15118  4.53011  1.49477  3.15262  4.72776  4.92030  4.66216  4.54047  3.35816  2.97808  1.96895  5.39305  4.21769    137 i - - -
          2.68618  4.42225  2.77519  2.73123  3.46354  2.40513  3.72494  3.29354  2.67741  2.69355  4.24690  2.90347  2.73739  3.18146  2.89801  2.37887  2.77519  2.98518  4.58477  3.61503
          0.00528  5.64296  6.36530  0.61958  0.77255  0.48576  0.95510
     89   4.19912  6.34468  4.74937  3.91200  5.88975  4.79875  4.61090  5.19077  2.29530  4.54578  5.40813  4.28416  5.11791  1.92543  0.66366  4.16749  3.50655  4.86223  6.52026  2.56413    138 R - - -
          2.68618  4.42225  2.77519  2.73123  3.46354  2.40513  3.72494  3.29354  2.67741  2.69355  4.24690  2.90347  2.73739  3.18146  2.89801  2.37887  2.77519  2.98518  4.58477  3.61503
          0.00528  5.64296  6.36530  0.61958  0.77255  0.48576  0.95510
     90   3.26256  4.77694  3.81582  4.01619  2.98471  4.34285  1.48253  2.79530  3.91570  2.28261  3.38687  4.27288  4.71423  3.49334  2.83181  2.89370  3.14089  2.00005  5.38405  2.89989    139 h - - -
          2.68618  4.42225  2.77519  2.73123  3.46354  2.40513  3.72494  3.29354  2.67741  2.69355  4.24690  2.90347  2.73739  3.18146  2.89801  2.37887  2.77519  2.98518  4.58477  3.61503
          0.00528  5.64296  6.36530  0.61958  0.77255  0.48576  0.95510
     91   3.45923  4.81673  5.43821  4.82790  3.08231  4.65318  4.99365  1.66670  4.61840  1.04741  2.45751  4.81902  4.99747  4.73595  4.62262  3.40431  3.19624  2.07795  5.45558  4.29260    140 l - - -
          2.68618  4.42225  2.77519  2.73123  3.46354  2.40513  3.72494  3.29354  2.67741  2.69355  4.24690  2.90347  2.73739  3.18146  2.89801  2.37887  2.77519  2.98518  4.58477  3.61503
          0.00528  5.64296  6.36530  0.61958  0.77255  0.48576  0.95510
     92   2.59673  3.68171  5.25842  4.64237  2.42769  2.97091  4.78805  1.42484  4.42466  1.62662  3.32514  4.62002  4.81690  4.55345  4.42857  3.76556  3.51467  2.14999  3.64141  4.10231    141 i - - -
          2.68618  4.42225  2.77519  2.73123  3.46354  2.40513  3.72494  3.29354  2.67741  2.69355  4.24690  2.90347  2.73739  3.18146  2.89801  2.37887  2.77519  2.98518  4.58477  3.61503
          0.00528  5.64296  6.36530  0.61958  0.77255  0.48576  0.95510
     93   3.04741  4.80929  3.79355  1.94210  3.19735  4.31922  4.60411  2.82204  3.82572  2.27290  2.38138  3.58576  4.69223  3.09351  4.07949  3.59006  3.49080  2.28463  1.81013  4.20823    142 w - - -
          2.68618  4.42225  2.77519  2.73123  3.46354  2.40513  3.72494  3.29354  2.67741  2.69355  4.24690  2.90347  2.73739  3.18146  2.89801  2.37887  2.77519  2.98518  4.58477  3.61503
          0.11722  5.64296  2.23425  0.61958  0.77255  0.48576  0.95510
     94   4.35920  7.17265  0.26464  3.16253  6.42538  4.32810  5.02091  6.06019  3.26097  5.45948  6.42227  3.76840  5.04793  3.22833  4.88335  4.14999  4.69076  5.56214  7.57580  5.92991    143 D - - -
          2.68646  4.42253  2.77547  2.73133  3.46336  2.40510  3.72522  3.29348  2.67768  2.69343  4.24717  2.90374  2.73767  3.18174  2.89828  2.37914  2.77547  2.98546  4.58504  3.60847
          0.49584  1.07972  2.97103  0.19630  1.72466  0.28217  1.40302
     95   2.78487  3.93061  5.19717  4.58288  2.47361  4.41645  3.94692  2.59600  3.17679  1.84784  3.44073  4.57386  4.78030  4.50522  4.38470  3.01230  2.10462  1.87615  2.83771  2.87785    147 l - - -
          2.68626  4.42233  2.77528  2.73131  3.46362  2.40521  3.72502  3.29362  2.67749  2.69336  4.24494  2.90355  2.73748  3.18154  2.89809  2.37895  2.77528  2.98526  4.58325  3.61446
          0.53140  2.18667  1.20421  0.12863  2.11446  0.48692  0.95325
     96   2.61641  4.99978  3.72960  3.20552  4.29717  0.93761  3.03283  3.68119  3.18715  3.00523  4.21260  3.23925  4.37137  3.52146  3.59459  3.18874  3.02771  2.86174  5.66632  4.39395    149 g - - -
          2.68618  4.42225  2.77519  2.73123  3.46354  2.40513  3.72494  3.29354  2.67741  2.69355  4.24690  2.90347  2.73739  3.18146  2.89801  2.37887  2.77519  2.98518  4.58477  3.61503
          0.00757  5.28325  6.00560  0.61958  0.77255  1.30979  0.31454
     97   2.85166  4.56758  4.42748  3.84436  2.19073  4.14803  2.93264  2.45188  2.18984  2.29027  3.68121  3.49430  4.51895  3.97469  2.87804  3.42775  3.29448  2.34849  3.18985  2.65070    150 k - - -
          2.68618  4.42225  2.77519  2.73123  3.46354  2.40513  3.72494  3.29354  2.67741  2.69355  4.24690  2.90347  2.73739  3.18146  2.89801  2.37887  2.77519  2.98518  4.58477  3.61503
          0.15822  5.30752  1.95629  0.61958  0.77255  1.41337  0.27882
     98   2.60578  4.64759  3.92844  2.85248  2.67935  1.43973  4.23269  2.38493  2.77441  2.67294  3.75330  3.74231  4.34985  3.59771  3.63739  2.94132  3.20463  2.91683  4.12429  4.00941    151 g - - -
          2.68618  4.42225  2.77519  2.73123  3.46354  2.40513  3.72494  3.29354  2.67741  2.69355  4.24690  2.90347  2.73739  3.18146  2.89801  2.37887  2.77519  2.98518  4.58477  3.61503
          0.00858  5.15789  5.88024  0.61958  0.77255  1.21509  0.35195
     99   2.64434  4.52158  4.42741  2.80483  2.18981  2.99582  4.41709  2.97315  2.90491  1.56851  2.95661  4.07510  4.48934  3.96267  3.93357  3.07591  2.87008  2.41692  3.61201  3.93612    152 l - - -
          2.68622  4.42244  2.77539  2.73035  3.46373  2.40496  3.72514  3.29373  2.67742  2.69338  4.24709  2.90341  2.73728  3.18166  2.89820  2.37906  2.77539  2.98515  4.58496  3.61522
          0.58340  0.98096  2.70236  0.06146  2.81990  1.50402  0.25133
    100   2.53936  5.46313  2.19826  1.93914  3.87743  3.72666  3.91421  4.29343  2.10769  3.76819  4.50396  2.92555  4.12045  2.82187  2.78354  2.12280  2.50301  3.85352  5.89604  4.48526    154 e - - -
          2.68618  4.42225  2.77519  2.73123  3.46354  2.40513  3.72494  3.29354  2.67741  2.69355  4.24690  2.90347  2.73739  3.18146  2.89801  2.37887  2.77519  2.98518  4.58477  3.61503
          0.00843  5.17626  5.89861  0.61958  0.77255  1.58444  0.22949
    101   2.96953  4.93121  3.55215  2.75523  4.11155  3.86309  4.08618  2.44707  2.38169  1.75216  3.58420  2.75952  2.95567  2.95317  2.73806  3.08255  3.20097  2.74067  5.47708  3.59717    155 l - - -
          2.68624  4.42231  2.77500  2.73129  3.46360  2.40519  3.72500  3.29324  2.67747  2.69361  4.24696  2.90353  2.73745  3.18152  2.89784  2.37893  2.77525  2.98487  4.58483  3.61509
          0.14012  2.05572  5.89861  0.16193  1.90047  0.22476  1.60299
    102   2.81237  5.68256  3.21608  2.21908  5.02876  3.08653  2.49509  3.89338  2.03500  3.98832  4.72293  2.71076  2.74666  2.64768  2.30281  2.35183  3.17127  3.70118  6.11457  4.70294    157 k - - -
          2.68618  4.42225  2.77519  2.73123  3.46354  2.40513  3.72494  3.29354  2.67741  2.69355  4.24690  2.90347  2.73739  3.18146  2.89801  2.37887  2.77519  2.98518  4.58477  3.61503
          0.00550  5.60124  6.32359  0.61958  0.77255  0.37922  1.15325
    103   2.30903  4.51188  3.22996  2.07990  4.24959  2.75204  4.15580  4.52161  2.72050  3.67200  4.73773  2.53596  3.38495  2.61369  3.02544  2.11655  2.22529  3.07684  6.13087  4.72192    158 e - - -
          2.68618  4.42225  2.77519  2.73123  3.46354  2.40513  3.72494  3.29354  2.67741  2.69355  4.24690  2.90347  2.73739  3.18146  2.89801  2.37887  2.77519  2.98518  4.58477  3.61503
          0.01947  5.64296  4.15162  0.61958  0.77255  0.48576  0.95510
    104   2.13205  5.54741  3.00084  2.23801  3.93402  2.59785  3.50284  3.14875  2.76556  2.82758  4.60415  2.88438  3.82205  3.30640  2.69278  2.74307  3.11712  2.20834  4.44739  4.64514    159 a - - -
          2.68634  4.42241  2.77535  2.73139  3.46370  2.40529  3.72510  3.29370  2.67757  2.69371  4.24566  2.90362  2.73663  3.18162  2.89817  2.37881  2.77503  2.98495  4.58493  3.61445
          0.05079  3.52596  3.90700  1.67080  0.20837  0.44296  1.02760
    105   2.91832  4.49281  3.09524  2.60729  4.99340  2.53927  4.15146  3.83413  2.35983  3.34508  4.70615  2.91432  3.68944  3.07292  1.76771  2.67494  2.75304  4.04523  4.05586  2.40483    168 r - - -
          2.68618  4.42225  2.77519  2.73123  3.46354  2.40513  3.72494  3.29354  2.67741  2.69355  4.24690  2.90347  2.73739  3.18146  2.89801  2.37887  2.77519  2.98518  4.58477  3.61503
          0.00537  5.62469  6.34704  0.61958  0.77255  0.43190  1.04775
    106   2.16274  5.36297  3.64328  3.08480  4.58768  3.58513  4.26131  2.94305  1.73618  2.57232  3.41662  3.33717  4.44303  2.93843  2.22397  2.52312  2.97453  2.84918  5.87524  4.02291    169 k - - -
          2.68618  4.42225  2.77519  2.73123  3.46354  2.40513  3.72494  3.29354  2.67741  2.69355  4.24690  2.90347  2.73739  3.18146  2.89801  2.37887  2.77519  2.98518  4.58477  3.61503
          0.00528  5.64296  6.36530  0.61958  0.77255  0.48576  0.95510
    107   2.84750  5.52720  3.53269  2.97577  3.89760  3.69055  4.20359  3.79319  1.82411  3.35858  4.58680  3.17828  3.71513  3.32867  2.37944  1.67685  2.00814  3.88007  4.16370  4.08028    170 s - - -
          2.68618  4.42225  2.77519  2.73123  3.46354  2.40513  3.72494  3.29354  2.67741  2.69355  4.24690  2.90347  2.73739  3.18146  2.89801  2.37887  2.77519  2.98518  4.58477  3.61503
          0.00528  5.64296  6.36530  0.61958  0.77255  0.48576  0.95510
    108   1.95485  5.07491  3.43911  3.37753  3.12479  1.89107  3.81309  2.73299  3.07409  2.17820  4.17116  3.82819  2.92769  3.66812  3.39288  2.61381  3.13212  3.36027  5.63961  3.23148    171 g - - -
          2.68621  4.42228  2.77523  2.73127  3.46357  2.40516  3.72498  3.29357  2.67744  2.69358  4.24693  2.90350  2.73743  3.18150  2.89804  2.37890  2.77494  2.98488  4.58480  3.61506
          0.06527  3.03079  4.20616  0.23345  1.56923  0.48576  0.95510
    109   1.98314  4.91501  4.19053  3.62111  3.47385  3.78584  3.72079  2.82467  2.46677  1.92728  4.02048  3.26020  4.61458  2.97113  3.08052  3.48706  2.79930  2.59777  3.41910  2.48327    173 l - - -
          2.68618  4.42225  2.77519  2.73123  3.46354  2.40513  3.72494  3.29354  2.67741  2.69355  4.24690  2.90347  2.73739  3.18146  2.89801  2.37887  2.77519  2.98518  4.58477  3.61503
          0.00535  5.62969  6.35203  0.61958  0.77255  0.55408  0.85472
    110   1.77122  4.67114  5.04830  4.44472  2.68288  3.28164  4.73807  2.27548  4.26803  2.06541  2.91072  4.51510  4.78007  3.60523  3.58364  2.30461  2.70115  2.06339  5.28990  4.10934    174 a - - -
          2.68618  4.42225  2.77519  2.73123  3.46354  2.40513  3.72494  3.29354  2.67741  2.69355  4.24690  2.90347  2.73739  3.18146  2.89801  2.37887  2.77519  2.98518  4.58477  3.61503
          0.00535  5.62969  6.35203  0.61958  0.77255  0.55408  0.85472
    111   2.13908  4.68393  4.97171  3.87503  3.78074  4.40317  4.72223  1.98499  3.12070  2.23412  2.95967  4.47688  4.76959  3.35871  4.30839  2.92899  2.84771  1.61229  2.72231  4.11842    175 v - - -
          2.68618  4.42225  2.77519  2.73123  3.46354  2.40513  3.72494  3.29354  2.67741  2.69355  4.24690  2.90347  2.73739  3.18146  2.89801  2.37887  2.77519  2.98518  4.58477  3.61503
          0.00535  5.62969  6.35203  0.61958  0.77255  0.44529  1.02342
    112   3.06029  3.76666  5.19643  3.25878  2.27145  3.32678  4.77320  1.98870  3.56979  1.50291  3.77797  4.58962  4.80613  4.51860  4.40295  3.35896  2.95980  1.82143  5.28036  3.40677    176 l - - -
          2.68621  4.42228  2.77522  2.73126  3.46311  2.40515  3.72497  3.29357  2.67743  2.69357  4.24692  2.90349  2.73742  3.18149  2.89803  2.37875  2.77522  2.98521  4.58479  3.61506
          0.04130  3.25102  6.36530  0.26897  1.44463  0.48576  0.95510
    113   1.41052  3.87459  4.92382  4.32754  3.09078  2.35051  4.71850  2.70387  2.84158  2.00151  3.81943  3.22882  4.76995  4.36375  4.29272  3.31751  3.50389  2.24939  3.89233  4.13418    178 a - - -
          2.68618  4.42225  2.77519  2.73123  3.46354  2.40513  3.72494  3.29354  2.67741  2.69355  4.24690  2.90347  2.73739  3.18146  2.89801  2.37887  2.77519  2.98518  4.58477  3.61503
          0.00528  5.64296  6.36530  0.61958  0.77255  0.48576  0.95510
    114   2.08717  4.67119  5.11225  4.50536  2.84919  2.75974  4.75752  2.22690  3.61732  1.76968  2.91877  3.86191  4.79582  3.68722  4.37078  3.18263  2.79909  1.87526  5.29092  3.41212    179 l - - -
          2.68618  4.42225  2.77519  2.73123  3.46354  2.40513  3.72494  3.29354  2.67741  2.69355  4.24690  2.90347  2.73739  3.18146  2.89801  2.37887  2.77519  2.98518  4.58477  3.61503
          0.00528  5.64296  6.36530  0.61958  0.77255  0.48576  0.95510
    115   2.10874  5.17800  3.81380  3.25258  4.35663  3.24252  4.34433  2.48960  2.62883  2.80334  3.33711  3.36547  4.50547  2.99870  3.14017  1.89355  2.22245  2.48279  5.72534  4.44479    180 s - - -
          2.68618  4.42225  2.77519  2.73123  3.46354  2.40513  3.72494  3.29354  2.67741  2.69355  4.24690  2.90347  2.73739  3.18146  2.89801  2.37887  2.77519  2.98518  4.58477  3.61503
          0.00528  5.64296  6.36530  0.61958  0.77255  0.48576  0.95510
    116   2.15028  3.74293  5.26418  4.64895  1.94485  4.46285  4.79830  2.03393  4.43240  1.70647  3.28193  4.62840  4.82574  4.56218  4.43773  3.25328  3.14287  1.72992  5.28865  4.11281    181 l - - -
          2.68618  4.42225  2.77519  2.73123  3.46354  2.40513  3.72494  3.29354  2.67741  2.69355  4.24690  2.90347  2.73739  3.18146  2.89801  2.37887  2.77519  2.98518  4.58477  3.61503
          0.04492  5.64296  3.20925  0.61958  0.77255  0.48576  0.95510
    117   1.96938  4.62803  5.22197  4.60638  2.76551  4.42390  4.75773  1.75565  4.39031  2.08749  3.74691  4.58773  4.78749  4.52070  4.39697  3.35859  2.66110  1.55860  4.02936  3.11398    182 v - - -
          2.68618  4.42225  2.77519  2.73123  3.46354  2.40513  3.72494  3.29354  2.67741  2.69355  4.24690  2.90347  2.73739  3.18146  2.89801  2.37887  2.77519  2.98518  4.58477  3.61503
          0.00549  5.60352  6.32587  0.61958  0.77255  0.38373  1.14356
    118   1.84441  3.55720  5.18517  4.57379  2.57593  3.05033  4.77169  2.51466  4.37105  1.54871  3.78008  4.58465  3.92968  4.51288  4.39914  2.69947  2.41521  2.24987  5.28242  4.10515    183 l - - -
          2.68618  4.42225  2.77519  2.73123  3.46354  2.40513  3.72494  3.29354  2.67741  2.69355  4.24690  2.90347  2.73739  3.18146  2.89801  2.37887  2.77519  2.98518  4.58477  3.61503
          0.00528  5.64296  6.36530  0.61958  0.77255  0.48576  0.95510
    119   2.53860  4.65904  5.19825  4.58588  2.18914  3.28482  4.77355  2.48680  4.38025  2.48326  3.77777  4.59046  4.80637  4.51959  4.40365  2.15738  1.99285  1.68666  4.09321  3.20237    184 v - - -
          2.68618  4.42225  2.77519  2.73123  3.46354  2.40513  3.72494  3.29354  2.67741  2.69355  4.24690  2.90347  2.73739  3.18146  2.89801  2.37887  2.77519  2.98518  4.58477  3.61503
          0.00528  5.64296  6.36530  0.61958  0.77255  0.48576  0.95510
    120   2.31238  4.66025  5.20681  4.59429  2.80642  2.70455  4.77782  1.64784  4.38750  1.59820  3.77935  4.59589  3.85807  4.52580  4.40889  3.34680  2.79546  1.97938  5.28261  4.10577    185 l - - -
          2.68618  4.42225  2.77519  2.73123  3.46354  2.40513  3.72494  3.29354  2.67741  2.69355  4.24690  2.90347  2.73739  3.18146  2.89801  2.37887  2.77519  2.98518  4.58477  3.61503
          0.00528  5.64296  6.36530  0.61958  0.77255  0.48576  0.95510
    121   1.95637  4.66007  5.19187  4.57995  2.96178  3.22156  4.77260  2.26326  4.37573  1.75194  3.77878  3.81848  4.80577  4.51629  4.40142  3.33254  2.45595  1.59622  5.28119  3.27476    186 v - - -
          2.68618  4.42225  2.77519  2.73123  3.46354  2.40513  3.72494  3.29354  2.67741  2.69355  4.24690  2.90347  2.73739  3.18146  2.89801  2.37887  2.77519  2.98518  4.58477  3.61503
          0.07199  5.64296  2.71936  0.61958  0.77255  0.48576  0.95510
    122   1.86869  4.61639  5.18319  4.56947  2.35483  2.92775  4.73988  2.09452  4.35894  1.70193  3.73483  4.56286  4.77055  4.49397  4.37426  3.71747  2.46182  2.01140  5.23922  3.53522    187 l - - -
          2.68618  4.42225  2.77519  2.73123  3.46354  2.40513  3.72494  3.29354  2.67741  2.69355  4.24690  2.90347  2.73739  3.18146  2.89801  2.37887  2.77519  2.98518  4.58477  3.61503
          0.00380  5.57477        *  0.61958  0.77255  0.00000        *
//
