HMMER3/f [3.3 | Nov 2019]
NAME  Sdh5
ACC   PF03937.21
DESC  Flavinator of succinate dehydrogenase
LENG  76
ALPH  amino
RF    no
MM    no
CONS  yes
CS    yes
MAP   yes
DATE  Wed Jan 17 00:45:09 2024
NSEQ  210
EFFN  4.675140
CKSUM 3587123380
GA    27 27;
TC    27.1 27;
NC    26.6 26.8;
BM    hmmbuild HMM.ann SEED.ann
SM    hmmsearch -Z 81514348 --cpu 4 -E 1000 HMM pfamseq
STATS LOCAL MSV       -9.1564  0.71862
STATS LOCAL VITERBI   -9.4047  0.71862
STATS LOCAL FORWARD   -4.2758  0.71862
HMM          A        C        D        E        F        G        H        I        K        L        M        N        P        Q        R        S        T        V        W        Y   
            m->m     m->i     m->d     i->m     i->i     d->m     d->d
  COMPO   2.61793  4.38863  2.72902  2.47219  3.14222  3.20243  3.73775  2.95697  2.72157  2.14921  3.46987  3.21913  3.59957  3.04188  2.67860  2.87373  3.00197  2.94561  4.07828  3.42865
          2.68618  4.42225  2.77519  2.73123  3.46354  2.40513  3.72494  3.29354  2.67741  2.69355  4.24690  2.90347  2.73739  3.18146  2.89801  2.37887  2.77519  2.98518  4.58477  3.61503
          0.01714  5.28935  4.42683  0.61958  0.77255  0.00000        *
      1   1.91044  5.50667  3.17134  2.51650  4.40364  3.17892  3.80641  4.33373  1.88232  3.53637  4.54796  2.66628  4.07446  2.81209  1.97377  2.49726  3.23281  3.89610  5.94063  4.27939      1 k - - H
          2.68618  4.42225  2.77519  2.73123  3.46354  2.40513  3.72494  3.29354  2.67741  2.69355  4.24690  2.90347  2.73739  3.18146  2.89801  2.37887  2.77519  2.98518  4.58477  3.61503
          0.00760  5.27980  6.00214  0.61958  0.77255  0.48654  0.95386
      2   4.00478  4.74693  4.66063  3.74819  5.63354  4.59062  3.81794  4.91112  1.59091  4.27290  4.32387  4.08794  4.89997  3.48937  0.58217  3.98369  4.11607  4.60219  6.24886  5.15515      2 R - - H
          2.68618  4.42225  2.77519  2.73123  3.46354  2.40513  3.72494  3.29354  2.67741  2.69355  4.24690  2.90347  2.73739  3.18146  2.89801  2.37887  2.77519  2.98518  4.58477  3.61503
          0.00755  5.28555  6.00790  0.61958  0.77255  0.49993  0.93286
      3   2.80528  4.69559  5.30004  4.69841  3.69926  4.56299  4.91131  1.88131  4.50384  0.85261  3.23712  4.71750  4.89209  4.62222  4.52224  3.88445  3.37501  2.08697  5.36128  3.72843      3 l - - H
          2.68618  4.42225  2.77519  2.73123  3.46354  2.40513  3.72494  3.29354  2.67741  2.69355  4.24690  2.90347  2.73739  3.18146  2.89801  2.37887  2.77519  2.98518  4.58477  3.61503
          0.00755  5.28555  6.00790  0.61958  0.77255  0.47701  0.96927
      4   2.89909  4.45221  4.12405  3.18465  3.38883  4.07300  3.70209  2.46742  2.64399  1.73302  3.43461  3.89622  4.44857  3.42660  1.91130  3.19017  2.81362  2.42075  4.82983  3.68918      4 l - - H
          2.68618  4.42225  2.77519  2.73123  3.46354  2.40513  3.72494  3.29354  2.67741  2.69355  4.24690  2.90347  2.73739  3.18146  2.89801  2.37887  2.77519  2.98518  4.58477  3.61503
          0.00752  5.28935  6.01169  0.61958  0.77255  0.48576  0.95510
      5   4.08239  4.08881  5.67022  5.26850  1.97436  5.06093  4.44304  3.60618  5.05397  3.20616  3.41046  4.94922  5.37896  4.99247  4.98762  4.40334  4.30458  3.67303  1.29236  1.07098      5 y - - H
          2.68618  4.42225  2.77519  2.73123  3.46354  2.40513  3.72494  3.29354  2.67741  2.69355  4.24690  2.90347  2.73739  3.18146  2.89801  2.37887  2.77519  2.98518  4.58477  3.61503
          0.00752  5.28935  6.01169  0.61958  0.77255  0.48576  0.95510
      6   2.48097  5.52852  3.05805  2.44314  4.87459  3.69233  3.44387  4.35703  2.47098  3.70877  4.57015  3.26348  4.18918  1.83061  1.45779  2.75164  3.25579  3.91997  5.95785  4.55223      6 r - - H
          2.68618  4.42225  2.77519  2.73123  3.46354  2.40513  3.72494  3.29354  2.67741  2.69355  4.24690  2.90347  2.73739  3.18146  2.89801  2.37887  2.77519  2.98518  4.58477  3.61503
          0.00752  5.28935  6.01169  0.61958  0.77255  0.48576  0.95510
      7   1.63610  1.42705  4.84351  4.38148  3.77680  3.70209  5.04260  3.83702  4.28392  3.57864  4.46450  4.36368  4.59554  4.50264  4.48110  1.28343  3.18639  3.18618  5.94438  4.76997      7 s - - H
          2.68618  4.42225  2.77519  2.73123  3.46354  2.40513  3.72494  3.29354  2.67741  2.69355  4.24690  2.90347  2.73739  3.18146  2.89801  2.37887  2.77519  2.98518  4.58477  3.61503
          0.41957  5.28935  1.08581  0.61958  0.77255  0.48576  0.95510
      8   2.77556  5.20492  3.09712  2.59174  4.49732  3.36130  3.46823  3.94516  2.11144  3.26981  3.84500  2.92516  4.02602  2.80326  1.87012  2.76815  2.58847  3.56708  2.66893  4.29637      8 r - - .
          2.68618  4.42225  2.77519  2.73123  3.46354  2.40513  3.72494  3.29354  2.67741  2.69355  4.24690  2.90347  2.73739  3.18146  2.89801  2.37887  2.77519  2.98518  4.58477  3.61503
          0.01134  4.88111  5.60346  0.61958  0.77255  0.18643  1.77147
      9   3.23314  5.65991  3.53140  2.82842  5.04269  3.97718  2.26649  4.48499  1.80783  3.93849  4.70662  3.44998  4.35559  2.59602  1.29309  3.01006  3.18107  4.07432  6.03276  3.43464      9 r - - -
          2.68618  4.42225  2.77519  2.73123  3.46354  2.40513  3.72494  3.29354  2.67741  2.69355  4.24690  2.90347  2.73739  3.18146  2.89801  2.37887  2.77519  2.98518  4.58477  3.61503
          0.00752  5.28935  6.01169  0.61958  0.77255  0.48576  0.95510
     10   3.87155  5.78910  4.65716  3.79342  5.16922  4.54334  4.41060  4.41482  2.50910  3.44034  4.22768  4.11917  4.87718  3.56501  0.43751  3.92946  3.78801  3.63282  6.11417  4.99285     10 R - - -
          2.68618  4.42225  2.77519  2.73123  3.46354  2.40513  3.72494  3.29354  2.67741  2.69355  4.24690  2.90347  2.73739  3.18146  2.89801  2.37887  2.77519  2.98518  4.58477  3.61503
          0.00752  5.28935  6.01169  0.61958  0.77255  0.48576  0.95510
     11   3.03657  5.13126  4.75015  4.79498  5.93212  0.23202  5.84291  5.48769  5.12383  5.16846  5.92692  4.58484  4.74138  5.22881  5.24124  3.06510  3.78873  4.55071  7.24482  6.16511     11 G - - S
          2.68618  4.42225  2.77519  2.73123  3.46354  2.40513  3.72494  3.29354  2.67741  2.69355  4.24690  2.90347  2.73739  3.18146  2.89801  2.37887  2.77519  2.98518  4.58477  3.61503
          0.00752  5.28935  6.01169  0.61958  0.77255  0.48576  0.95510
     12   2.90344  3.75969  5.02585  4.41059  2.68671  4.23245  4.56595  1.97751  4.19568  2.04895  1.59675  4.39457  4.59602  4.32694  4.20415  3.37419  2.11410  2.59289  4.22169  3.49995     12 m - - S
          2.68618  4.42225  2.77519  2.73123  3.46354  2.40513  3.72494  3.29354  2.67741  2.69355  4.24690  2.90347  2.73739  3.18146  2.89801  2.37887  2.77519  2.98518  4.58477  3.61503
          0.00752  5.28935  6.01169  0.61958  0.77255  0.48576  0.95510
     13   2.99254  4.84414  3.83261  3.26188  3.64569  4.00205  4.08834  3.12886  2.05145  1.19241  3.94325  3.50868  4.38207  3.44171  2.44750  3.02229  3.28446  2.83709  5.41233  4.16735     13 l - - H
          2.68618  4.42225  2.77519  2.73123  3.46354  2.40513  3.72494  3.29354  2.67741  2.69355  4.24690  2.90347  2.73739  3.18146  2.89801  2.37887  2.77519  2.98518  4.58477  3.61503
          0.00752  5.28935  6.01169  0.61958  0.77255  0.48576  0.95510
     14   5.09285  6.86012  4.16845  0.08692  6.56071  4.92070  5.86092  6.46989  5.04139  5.83945  6.95774  4.79841  5.60935  5.18515  5.45956  5.03291  5.46048  6.05231  7.32835  6.43425     14 E - - H
          2.68618  4.42225  2.77519  2.73123  3.46354  2.40513  3.72494  3.29354  2.67741  2.69355  4.24690  2.90347  2.73739  3.18146  2.89801  2.37887  2.77519  2.98518  4.58477  3.61503
          0.00752  5.28935  6.01169  0.61958  0.77255  0.48576  0.95510
     15   2.43577  4.52647  4.55034  3.96243  3.63043  4.05752  4.47131  2.80954  3.83782  1.32731  2.24852  2.39775  4.53366  4.05320  4.00866  3.07970  2.60711  2.49728  5.14069  3.95011     15 l - - H
          2.68618  4.42225  2.77519  2.73123  3.46354  2.40513  3.72494  3.29354  2.67741  2.69355  4.24690  2.90347  2.73739  3.18146  2.89801  2.37887  2.77519  2.98518  4.58477  3.61503
          0.00752  5.28935  6.01169  0.61958  0.77255  0.48576  0.95510
     16   3.47303  4.29816  0.58187  2.42975  5.26962  3.54563  4.36315  4.76425  3.26437  4.27005  5.07290  3.41966  4.49239  3.17944  3.80961  3.39909  3.73455  4.35009  6.43515  4.18242     16 D - - H
          2.68618  4.42225  2.77519  2.73123  3.46354  2.40513  3.72494  3.29354  2.67741  2.69355  4.24690  2.90347  2.73739  3.18146  2.89801  2.37887  2.77519  2.98518  4.58477  3.61503
          0.00752  5.28935  6.01169  0.61958  0.77255  0.48576  0.95510
     17   3.05936  4.46818  4.82068  4.21824  3.35999  4.20501  3.87456  1.92477  3.37961  1.12115  3.41865  3.73017  4.57079  3.84232  3.81879  3.50703  3.03767  2.16943  5.08650  3.39072     17 l - - H
          2.68618  4.42225  2.77519  2.73123  3.46354  2.40513  3.72494  3.29354  2.67741  2.69355  4.24690  2.90347  2.73739  3.18146  2.89801  2.37887  2.77519  2.98518  4.58477  3.61503
          0.00752  5.28935  6.01169  0.61958  0.77255  0.48576  0.95510
     18   2.89448  4.48575  5.08353  4.46890  3.18000  4.29043  4.62416  1.60823  4.25471  1.23210  2.80232  4.45412  4.64767  4.37987  4.26044  3.46489  3.34730  2.01724  4.47775  3.68216     18 l - - T
          2.68618  4.42225  2.77519  2.73123  3.46354  2.40513  3.72494  3.29354  2.67741  2.69355  4.24690  2.90347  2.73739  3.18146  2.89801  2.37887  2.77519  2.98518  4.58477  3.61503
          0.00752  5.28935  6.01169  0.61958  0.77255  0.48576  0.95510
     19   4.38945  5.59084  6.38232  5.78949  2.12481  5.77923  6.05850  1.77112  5.64756  0.65178  3.01050  5.96256  5.78711  5.45931  5.54942  5.17067  4.58749  2.63207  6.02376  5.08723     19 L - - T
          2.68618  4.42225  2.77519  2.73123  3.46354  2.40513  3.72494  3.29354  2.67741  2.69355  4.24690  2.90347  2.73739  3.18146  2.89801  2.37887  2.77519  2.98518  4.58477  3.61503
          0.00752  5.28935  6.01169  0.61958  0.77255  0.48576  0.95510
     20   2.77566  5.43918  3.06525  2.32122  4.75239  1.70242  3.98526  3.96152  2.73373  3.42031  3.26671  2.89546  4.18722  2.74981  3.13879  1.97571  2.83006  3.57466  5.89144  4.01463     20 g - - T
          2.68618  4.42225  2.77519  2.73123  3.46354  2.40513  3.72494  3.29354  2.67741  2.69355  4.24690  2.90347  2.73739  3.18146  2.89801  2.37887  2.77519  2.98518  4.58477  3.61503
          0.00752  5.28935  6.01169  0.61958  0.77255  0.48576  0.95510
     21   2.66732  4.88449  3.22322  2.67669  4.25291  2.56052  3.46591  4.27214  2.53094  3.41306  4.32980  2.76269  2.46480  2.90830  1.99486  2.70042  2.24563  3.85312  5.91639  4.11606     21 r - - T
          2.68618  4.42225  2.77519  2.73123  3.46354  2.40513  3.72494  3.29354  2.67741  2.69355  4.24690  2.90347  2.73739  3.18146  2.89801  2.37887  2.77519  2.98518  4.58477  3.61503
          0.00752  5.28935  6.01169  0.61958  0.77255  0.48576  0.95510
     22   5.55478  6.33271  6.22177  6.27090  0.44207  5.87587  4.37490  5.07095  6.02578  4.12701  5.55400  5.34083  6.10731  5.55008  5.73810  5.29776  5.72814  5.04362  2.56179  1.62109     22 F - - H
          2.68618  4.42225  2.77519  2.73123  3.46354  2.40513  3.72494  3.29354  2.67741  2.69355  4.24690  2.90347  2.73739  3.18146  2.89801  2.37887  2.77519  2.98518  4.58477  3.61503
          0.00752  5.28935  6.01169  0.61958  0.77255  0.48576  0.95510
     23   1.41302  4.44329  4.99358  4.38062  2.42928  4.22936  4.56109  2.68249  4.17298  1.70775  3.28419  4.38070  4.59318  4.31038  4.19302  3.29973  3.06177  2.05789  4.46686  3.32951     23 a - - H
          2.68618  4.42225  2.77519  2.73123  3.46354  2.40513  3.72494  3.29354  2.67741  2.69355  4.24690  2.90347  2.73739  3.18146  2.89801  2.37887  2.77519  2.98518  4.58477  3.61503
          0.00752  5.28935  6.01169  0.61958  0.77255  0.48576  0.95510
     24   2.37549  5.51909  1.94740  1.80039  4.86502  3.59838  3.61775  4.35163  2.08203  3.53886  4.55956  2.91426  4.17306  2.70101  2.83021  2.58767  3.01575  3.77782  5.95122  4.53970     24 e - - H
          2.68618  4.42225  2.77520  2.73123  3.46354  2.40510  3.72495  3.29354  2.67741  2.69355  4.24690  2.90347  2.73740  3.18146  2.89801  2.37887  2.77520  2.98518  4.58477  3.61503
          0.01200  4.65860  6.01169  0.55466  0.85394  0.48576  0.95510
     25   2.33110  4.97333  2.76528  2.24631  4.86198  3.45821  2.93816  4.12630  1.96529  3.56231  4.55732  2.80608  4.17279  2.50737  2.22158  2.83209  2.67157  3.55834  5.94927  4.20363     26 k - - H
          2.68618  4.42225  2.77519  2.73123  3.46354  2.40513  3.72494  3.29354  2.67741  2.69355  4.24690  2.90347  2.73739  3.18146  2.89801  2.37887  2.77519  2.98518  4.58477  3.61503
          0.00752  5.28935  6.01169  0.61958  0.77255  0.48576  0.95510
     26   2.68156  4.15734  3.14405  2.10643  4.36083  3.25464  2.15225  4.28376  2.57522  3.70679  4.52413  2.53386  4.05318  2.73803  2.71285  2.77652  3.11014  3.62929  4.83296  2.41810     27 e - - H
          2.68618  4.42225  2.77519  2.73123  3.46354  2.40513  3.72494  3.29354  2.67741  2.69355  4.24690  2.90347  2.73739  3.18146  2.89801  2.37887  2.77519  2.98518  4.58477  3.61503
          0.00752  5.28935  6.01169  0.61958  0.77255  0.48576  0.95510
     27   2.85237  4.45348  4.90947  3.43584  2.31811  3.95208  3.92565  2.06945  3.65076  1.42597  3.57174  4.34078  4.58167  4.26409  3.87502  3.35245  3.29254  2.41984  4.34727  2.29315     28 l - - T
          2.68619  4.42226  2.77514  2.73124  3.46355  2.40513  3.72495  3.29355  2.67741  2.69356  4.24690  2.90347  2.73734  3.18147  2.89801  2.37887  2.77520  2.98519  4.58478  3.61504
          0.01482  4.40142  6.01169  0.63504  0.75484  0.48576  0.95510
     28   2.18088  5.03523  2.15976  2.04297  4.85304  3.28790  2.94078  4.33725  2.47299  3.15574  4.01848  2.81104  2.78425  2.91089  3.13113  2.54869  3.23692  3.72350  5.32653  4.33420     31 e - - T
          2.68618  4.42225  2.77519  2.73123  3.46354  2.40513  3.72494  3.29354  2.67741  2.69355  4.24690  2.90347  2.73739  3.18146  2.89801  2.37887  2.77519  2.98518  4.58477  3.61503
          0.01996  5.28935  4.21898  0.61958  0.77255  0.48576  0.95510
     29   2.50385  5.50763  2.57393  2.41042  4.10542  2.66420  3.66347  4.33669  2.30595  3.29963  4.54860  2.99996  3.97980  2.41495  3.00135  2.21673  2.08561  3.81715  5.94102  4.53076     32 t - - T
          2.68618  4.42225  2.77519  2.73123  3.46354  2.40513  3.72494  3.29354  2.67741  2.69355  4.24690  2.90347  2.73739  3.18146  2.89801  2.37887  2.77519  2.98518  4.58477  3.61503
          0.00762  5.27701  5.99935  0.61958  0.77255  0.45853  1.00025
     30   2.49421  4.45358  4.31738  3.86794  2.31848  4.22880  4.55726  2.76876  4.14729  1.22962  1.98383  4.36615  4.59250  4.29185  4.18169  3.53694  3.29960  2.69957  3.59595  3.60673     33 l - - -
          2.68618  4.42225  2.77519  2.73123  3.46354  2.40513  3.72494  3.29354  2.67741  2.69355  4.24690  2.90347  2.73739  3.18146  2.89801  2.37887  2.77519  2.98518  4.58477  3.61503
          0.00752  5.28935  6.01169  0.61958  0.77255  0.48576  0.95510
     31   2.86958  5.53602  2.10776  2.56866  4.87769  3.27207  3.98940  4.36255  2.65865  3.84059  4.58000  2.48722  3.37514  3.08834  3.11860  1.68200  1.98988  3.92534  5.97166  4.56009     34 s - - -
          2.68618  4.42225  2.77519  2.73123  3.46354  2.40513  3.72494  3.29354  2.67741  2.69355  4.24690  2.90347  2.73739  3.18146  2.89801  2.37887  2.77519  2.98518  4.58477  3.61503
          0.00752  5.28935  6.01169  0.61958  0.77255  0.48576  0.95510
     32   2.24698  5.07568  2.03256  1.67659  4.47470  3.30637  3.75746  4.06666  2.53035  3.44856  3.90503  3.04483  3.45884  2.91772  3.01675  2.65772  3.17082  3.24267  5.93780  4.26296     35 e - - H
          2.68618  4.42225  2.77519  2.73123  3.46354  2.40513  3.72494  3.29354  2.67741  2.69355  4.24690  2.90347  2.73739  3.18146  2.89801  2.37887  2.77519  2.98518  4.58477  3.61503
          0.00752  5.28935  6.01169  0.61958  0.77255  0.48576  0.95510
     33   1.97622  5.51936  2.39154  1.74181  4.86533  3.67311  3.67801  4.35199  2.28188  3.82502  4.55981  2.77014  3.79328  2.76570  2.80476  2.44037  2.92432  3.91049  5.95146  4.34410     36 e - - H
          2.68618  4.42225  2.77519  2.73123  3.46354  2.40513  3.72494  3.29354  2.67741  2.69355  4.24690  2.90347  2.73739  3.18146  2.89801  2.37887  2.77519  2.98518  4.58477  3.61503
          0.00752  5.28935  6.01169  0.61958  0.77255  0.48576  0.95510
     34   2.87633  5.51605  2.36137  1.45869  4.48657  3.35708  3.81735  4.34595  2.49967  3.34596  4.15292  3.02502  4.17403  1.84379  3.02406  2.96941  3.14202  3.90633  5.94908  4.53847     37 e - - H
          2.68618  4.42225  2.77519  2.73123  3.46354  2.40513  3.72494  3.29354  2.67741  2.69355  4.24690  2.90347  2.73739  3.18146  2.89801  2.37887  2.77519  2.98518  4.58477  3.61503
          0.00752  5.28935  6.01169  0.61958  0.77255  0.48576  0.95510
     35   2.67459  4.04281  4.18358  3.60838  3.75249  4.08783  4.14040  2.61113  2.48884  1.30452  3.20008  3.93499  4.46234  2.71530  2.85949  3.35216  3.02887  2.46118  5.23355  4.02317     38 l - - H
          2.68618  4.42225  2.77519  2.73123  3.46354  2.40513  3.72494  3.29354  2.67741  2.69355  4.24690  2.90347  2.73739  3.18146  2.89801  2.37887  2.77519  2.98518  4.58477  3.61503
          0.00752  5.28935  6.01169  0.61958  0.77255  0.48576  0.95510
     36   2.21182  4.40275  1.96097  2.12998  4.85595  3.69867  3.80735  3.86639  2.23201  3.47715  4.30238  2.76385  4.17352  2.46683  2.66227  2.77344  3.02250  3.45663  5.94617  4.35029     39 d - - H
          2.68618  4.42225  2.77519  2.73123  3.46354  2.40513  3.72494  3.29354  2.67741  2.69355  4.24690  2.90347  2.73739  3.18146  2.89801  2.37887  2.77519  2.98518  4.58477  3.61503
          0.00752  5.28935  6.01169  0.61958  0.77255  0.48576  0.95510
     37   1.99042  4.58065  2.71284  1.99435  4.21719  3.53606  4.01158  3.53583  2.71437  2.58610  4.28344  3.31609  4.20718  2.51265  2.78035  2.69506  2.62158  3.23821  3.97270  4.45106     40 a - - H
          2.68618  4.42225  2.77519  2.73123  3.46354  2.40513  3.72494  3.29354  2.67741  2.69355  4.24690  2.90347  2.73739  3.18146  2.89801  2.37887  2.77519  2.98518  4.58477  3.61503
          0.00752  5.28935  6.01169  0.61958  0.77255  0.48576  0.95510
     38   4.42509  5.61804  5.96339  5.59411  0.91510  5.41401  4.67902  3.43837  5.39098  1.67078  3.76877  5.26123  5.64538  5.23233  5.28617  4.77789  4.63436  3.77397  4.78873  1.39637     41 f - - H
          2.68618  4.42225  2.77519  2.73123  3.46354  2.40513  3.72494  3.29354  2.67741  2.69355  4.24690  2.90347  2.73739  3.18146  2.89801  2.37887  2.77519  2.98518  4.58477  3.61503
          0.00752  5.28935  6.01169  0.61958  0.77255  0.48576  0.95510
     39   2.70313  4.60869  1.83428  1.62352  4.66284  3.80839  3.91315  3.41576  2.73346  3.05712  4.23348  3.19498  3.99430  2.93026  3.00838  2.86268  3.06042  2.75712  5.23418  3.90183     42 e - - H
          2.68618  4.42225  2.77519  2.73123  3.46354  2.40513  3.72494  3.29354  2.67741  2.69355  4.24690  2.90347  2.73739  3.18146  2.89801  2.37887  2.77519  2.98518  4.58477  3.61503
          0.00752  5.28935  6.01169  0.61958  0.77255  0.48576  0.95510
     40   2.20554  4.60314  2.88226  2.37241  4.56591  3.65044  3.49270  4.09039  2.22146  3.22725  3.96306  2.62157  4.17435  2.53478  1.95145  2.74388  2.71816  3.67037  5.94274  4.41939     43 r - - H
          2.68618  4.42225  2.77519  2.73123  3.46354  2.40513  3.72494  3.29354  2.67741  2.69355  4.24690  2.90347  2.73739  3.18146  2.89801  2.37887  2.77519  2.98518  4.58477  3.61503
          0.00752  5.28935  6.01169  0.61958  0.77255  0.48576  0.95510
     41   4.41182  5.60833  6.40445  5.81257  2.57180  5.81006  6.08913  2.18003  5.67369  0.51547  2.99016  5.99377  5.80629  5.47681  5.57305  5.20484  4.60893  2.33749  6.03947  5.11049     44 L - - H
          2.68618  4.42225  2.77519  2.73123  3.46354  2.40513  3.72494  3.29354  2.67741  2.69355  4.24690  2.90347  2.73739  3.18146  2.89801  2.37887  2.77519  2.98518  4.58477  3.61503
          0.00752  5.28935  6.01169  0.61958  0.77255  0.48576  0.95510
     42   3.77179  5.29499  5.99666  5.39965  3.34339  5.33031  5.64696  2.11950  5.23271  0.53695  2.48670  5.49785  5.49066  5.18633  5.19247  4.68504  3.74924  2.73573  5.82535  4.80362     45 L - - H
          2.68615  4.42225  2.77520  2.73123  3.46354  2.40513  3.72495  3.29354  2.67741  2.69355  4.24690  2.90347  2.73740  3.18146  2.89801  2.37887  2.77520  2.98518  4.58477  3.61503
          0.01113  4.75409  6.01169  0.56618  0.83861  0.48576  0.95510
     43   2.36246  5.51872  1.94670  1.90174  4.86434  3.31129  3.84010  4.35076  2.46754  3.82423  4.55928  2.22177  4.17333  2.81855  2.80771  2.73434  2.78426  3.61134  5.95104  4.27648     47 e - - T
          2.68618  4.42225  2.77519  2.73123  3.46354  2.40513  3.72494  3.29354  2.67741  2.69355  4.24690  2.90347  2.73739  3.18146  2.89801  2.37887  2.77519  2.98518  4.58477  3.61503
          0.00752  5.28935  6.01169  0.61958  0.77255  0.48576  0.95510
     44   2.75876  2.74110  3.69132  1.87107  3.72764  3.57139  3.58700  2.91423  3.16036  1.91748  3.69985  3.63952  4.24500  2.91453  3.61876  2.86396  3.08317  2.71195  4.81283  3.07934     48 e - - S
          2.68618  4.42225  2.77519  2.73123  3.46354  2.40513  3.72494  3.29354  2.67741  2.69355  4.24690  2.90347  2.73739  3.18146  2.89801  2.37887  2.77519  2.98518  4.58477  3.61503
          0.00752  5.28935  6.01169  0.61958  0.77255  0.48576  0.95510
     45   2.78584  5.51288  2.38801  1.78493  4.35424  3.51594  3.52524  4.12665  2.67104  3.28060  4.55396  2.72661  2.20572  2.49576  3.19538  2.51628  2.95006  3.73872  5.94651  4.53648     49 e - - -
          2.68625  4.42232  2.77513  2.73131  3.46353  2.40518  3.72493  3.29361  2.67748  2.69362  4.24682  2.90296  2.73747  3.18154  2.89796  2.37878  2.77519  2.98526  4.58484  3.61510
          0.08017  2.59568  6.01169  0.65531  0.73247  0.48576  0.95510
     46   4.05191  6.86634  0.41435  2.37133  6.11942  4.07911  4.76064  5.72907  3.97641  5.15103  6.07507  2.72454  4.78559  3.94896  4.72635  3.85672  3.29924  5.23149  7.30114  5.64552     52 D - - -
          2.68618  4.42225  2.77519  2.73123  3.46354  2.40513  3.72494  3.29354  2.67741  2.69355  4.24690  2.90347  2.73739  3.18146  2.89801  2.37887  2.77519  2.98518  4.58477  3.61503
          0.00752  5.28935  6.01169  0.61958  0.77255  0.48576  0.95510
     47   2.66143  5.36539  2.91441  2.73517  4.65117  3.81031  3.58126  3.62696  2.61588  3.18427  4.10578  2.69503  2.20873  2.56657  3.09825  2.57469  2.71005  3.03520  2.51088  4.01966     53 p - - H
          2.68618  4.42225  2.77519  2.73123  3.46354  2.40513  3.72494  3.29354  2.67741  2.69355  4.24690  2.90347  2.73739  3.18146  2.89801  2.37887  2.77519  2.98518  4.58477  3.61503
          0.00752  5.28935  6.01169  0.61958  0.77255  0.48576  0.95510
     48   2.94671  5.06885  1.18685  2.02129  4.61657  3.55030  3.77404  3.99890  2.66073  3.54260  4.53921  2.94958  4.05696  2.85194  3.10768  2.90287  3.14415  3.65754  5.93424  4.15998     54 d - - H
          2.68618  4.42225  2.77519  2.73123  3.46354  2.40513  3.72494  3.29354  2.67741  2.69355  4.24690  2.90347  2.73739  3.18146  2.89801  2.37887  2.77519  2.98518  4.58477  3.61503
          0.00752  5.28935  6.01169  0.61958  0.77255  0.48576  0.95510
     49   4.50977  5.67861  6.51512  5.93402  3.37276  5.96760  6.25615  1.35361  5.81410  0.63517  2.84885  6.15494  5.90619  5.57932  5.70394  5.38427  4.70482  2.80519  6.12920  5.22809     55 L - - H
          2.68618  4.42225  2.77519  2.73123  3.46354  2.40513  3.72494  3.29354  2.67741  2.69355  4.24690  2.90347  2.73739  3.18146  2.89801  2.37887  2.77519  2.98518  4.58477  3.61503
          0.00752  5.28935  6.01169  0.61958  0.77255  0.48576  0.95510
     50   3.02491  4.46814  4.48093  4.31965  1.76143  4.23160  4.22211  2.86400  4.12841  1.84143  2.84890  4.16550  4.59592  3.52337  4.17506  3.45337  3.30882  2.66074  2.98241  1.79911     56 f - - H
          2.68618  4.42225  2.77519  2.73123  3.46354  2.40513  3.72494  3.29354  2.67741  2.69355  4.24690  2.90347  2.73739  3.18146  2.89801  2.37887  2.77519  2.98518  4.58477  3.61503
          0.00752  5.28935  6.01169  0.61958  0.77255  0.48576  0.95510
     51   2.10702  5.51604  2.21834  2.49550  4.86095  3.57715  3.64394  4.34680  2.15147  3.67534  4.55675  2.58267  3.85281  2.65201  2.70401  2.64361  3.13626  3.78557  5.94882  2.49987     57 a - - H
          2.68618  4.42225  2.77519  2.73123  3.46354  2.40513  3.72494  3.29354  2.67741  2.69355  4.24690  2.90347  2.73739  3.18146  2.89801  2.37887  2.77519  2.98518  4.58477  3.61503
          0.00752  5.28935  6.01169  0.61958  0.77255  0.48576  0.95510
     52   3.00110  3.77842  5.00706  4.39563  3.03463  4.24636  4.56822  2.70733  4.18845  2.21823  3.36323  4.39516  4.60881  4.32410  3.90772  3.55655  3.31318  2.46068  1.04776  2.92577     58 w - - H
          2.68618  4.42225  2.77519  2.73123  3.46354  2.40513  3.72494  3.29354  2.67741  2.69355  4.24690  2.90347  2.73739  3.18146  2.89801  2.37887  2.77519  2.98518  4.58477  3.61503
          0.00752  5.28935  6.01169  0.61958  0.77255  0.48576  0.95510
     53   2.18136  3.88942  5.02461  4.41009  2.13285  4.23668  4.57061  1.95028  4.19672  1.60008  3.06309  3.99029  4.60011  4.32932  4.20741  3.21593  3.18773  2.01014  5.06594  3.88980     59 l - - H
          2.68618  4.42225  2.77519  2.73123  3.46354  2.40513  3.72494  3.29354  2.67741  2.69355  4.24690  2.90347  2.73739  3.18146  2.89801  2.37887  2.77519  2.98518  4.58477  3.61503
          0.00752  5.28935  6.01169  0.61958  0.77255  0.48576  0.95510
     54   2.89955  4.29084  4.79170  4.19098  3.06092  4.20072  3.98138  2.42699  4.02391  1.93261  2.09946  3.38241  4.56684  3.85629  3.89427  2.76025  1.74047  2.35730  5.09075  3.55937     60 t - - H
          2.68618  4.42225  2.77519  2.73123  3.46354  2.40513  3.72494  3.29354  2.67741  2.69355  4.24690  2.90347  2.73739  3.18146  2.89801  2.37887  2.77519  2.98518  4.58477  3.61503
          0.01291  5.28935  4.85642  0.61958  0.77255  0.48576  0.95510
     55   2.66295  5.46603  3.16075  2.38201  3.89205  1.36872  3.73919  4.26298  2.43091  3.57487  3.85039  2.67857  4.17908  2.79285  2.95408  2.85859  3.19036  3.73922  5.91093  3.96337     61 g - - T
          2.68618  4.42225  2.77520  2.73124  3.46354  2.40513  3.72495  3.29354  2.67738  2.69355  4.24690  2.90347  2.73740  3.18147  2.89795  2.37887  2.77520  2.98519  4.58477  3.61503
          0.55821  4.16287  0.88624  0.48616  0.95447  0.50563  0.92413
     56   2.41659  5.27935  2.83287  2.30090  4.61884  3.39611  3.65547  3.71190  1.95637  3.58216  4.32152  2.69395  3.95131  2.26607  2.56088  2.58644  2.60979  3.29252  5.71529  4.30790     63 k - - .
          2.68620  4.42230  2.77511  2.73127  3.46359  2.40514  3.72494  3.29342  2.67738  2.69357  4.24695  2.90347  2.73745  3.18152  2.89806  2.37891  2.77518  2.98512  4.58482  3.61471
          0.07605  2.67278  5.47916  0.87046  0.54259  0.22806  1.59003
     57   2.51081  5.49535  2.91694  2.20381  4.83905  3.16872  2.88915  3.82818  2.03473  3.09946  4.53637  2.96916  3.82575  2.59484  2.21542  2.74750  2.92227  3.21139  5.92885  3.98524     67 k - - -
          2.68618  4.42225  2.77519  2.73123  3.46354  2.40513  3.72494  3.29354  2.67741  2.69355  4.24690  2.90347  2.73739  3.18146  2.89801  2.37887  2.77519  2.98518  4.58477  3.61503
          0.00781  5.25250  5.97485  0.61958  0.77255  0.61347  0.77972
     58   2.54197  4.99933  2.66769  1.96170  4.83787  3.24158  3.94962  4.18061  2.28321  3.68823  4.32786  3.07085  2.23302  2.61637  2.96260  2.41553  2.83828  3.26684  5.92825  4.14805     68 e - - -
          2.68618  4.42225  2.77519  2.73123  3.46354  2.40513  3.72494  3.29354  2.67741  2.69355  4.24690  2.90347  2.73739  3.18146  2.89801  2.37887  2.77519  2.98518  4.58477  3.61503
          0.00781  5.25250  5.97485  0.61958  0.77255  0.61347  0.77972
     59   2.18790  4.86934  3.00076  2.08868  4.62367  3.79388  3.98885  3.11679  2.53727  2.83432  4.21592  3.12568  2.63902  2.86127  2.95751  2.81738  2.53686  2.51703  5.81189  4.44162     69 e - - -
          2.68614  4.42234  2.77522  2.73102  3.46363  2.40504  3.72503  3.29344  2.67750  2.69352  4.24666  2.90355  2.73729  3.18142  2.89810  2.37891  2.77528  2.98527  4.58486  3.61512
          0.06957  2.80199  5.03303  0.97099  0.47595  0.41346  1.08281
     60   2.82583  3.35995  3.74358  3.19315  3.91666  3.83637  4.03456  3.27976  3.27250  2.72135  3.87892  3.72985  1.04291  3.38999  3.63417  2.96260  3.15185  2.92685  5.00395  3.54598     74 p - - -
          2.68618  4.42225  2.77519  2.73123  3.46354  2.40513  3.72494  3.29354  2.67741  2.69355  4.24690  2.90347  2.73739  3.18146  2.89801  2.37887  2.77519  2.98518  4.58477  3.61503
          0.00755  5.28550  6.00785  0.61958  0.77255  0.50010  0.93260
     61   2.22903  5.51418  2.32811  1.65910  4.85869  3.63760  3.96560  4.34433  2.45696  3.81923  4.29650  3.11875  2.48826  2.61217  3.11123  2.60420  2.99993  3.47332  5.94717  4.53645     75 e - - S
          2.68618  4.42225  2.77519  2.73123  3.46354  2.40513  3.72494  3.29354  2.67741  2.69355  4.24690  2.90347  2.73739  3.18146  2.89801  2.37887  2.77519  2.98518  4.58477  3.61503
          0.00755  5.28550  6.00785  0.61958  0.77255  0.47690  0.96943
     62   2.75498  5.51587  1.91209  2.04583  4.62508  3.27299  2.96264  3.96798  2.44364  3.74673  4.12505  2.71498  3.56850  2.84705  2.51849  2.75210  2.88800  3.30135  5.94865  3.98960     76 d - - -
          2.68618  4.42225  2.77519  2.73123  3.46354  2.40513  3.72494  3.29354  2.67741  2.69355  4.24690  2.90347  2.73739  3.18146  2.89801  2.37887  2.77519  2.98518  4.58477  3.61503
          0.01429  5.28935  4.69492  0.61958  0.77255  0.48576  0.95510
     63   2.56209  4.72825  3.63254  2.99056  2.73354  3.17041  3.55451  2.99058  3.02235  2.21498  3.32121  3.60445  2.73063  3.47475  3.46012  2.88616  2.91396  2.43891  2.93813  2.94734     77 l - - H
          2.68612  4.42232  2.77527  2.73118  3.46361  2.40514  3.72502  3.29320  2.67740  2.69362  4.24697  2.90339  2.73742  3.18120  2.89802  2.37894  2.77522  2.98526  4.58484  3.61510
          0.40610  2.93559  1.27063  0.91521  0.51155  0.47051  0.97999
     64   2.15740  5.36783  2.45909  1.90867  4.71106  3.37096  3.60573  4.19572  2.18269  3.26603  4.18931  2.86572  3.90290  2.57215  2.73214  2.67976  2.95176  3.23187  5.80161  4.39178     81 e - - H
          2.68618  4.42225  2.77519  2.73123  3.46354  2.40513  3.72494  3.29354  2.67741  2.69355  4.24690  2.90347  2.73739  3.18146  2.89801  2.37887  2.77519  2.98518  4.58477  3.61503
          0.01041  4.96593  5.68828  0.61958  0.77255  0.28843  1.38404
     65   2.71767  4.73029  2.21481  2.52507  3.49100  3.43657  3.61495  3.05955  2.63828  2.10709  3.87743  2.60472  4.22188  2.72986  3.10937  2.89659  3.07228  2.81568  4.63933  4.12502     82 l - - H
          2.68618  4.42225  2.77519  2.73123  3.46354  2.40513  3.72494  3.29354  2.67741  2.69355  4.24690  2.90347  2.73739  3.18146  2.89801  2.37887  2.77519  2.98518  4.58477  3.61503
          0.00779  5.25517  5.97751  0.61958  0.77255  0.41787  1.07425
     66   2.12546  5.11608  3.04487  2.55869  4.85257  3.00198  3.34323  3.86212  2.40740  3.44448  3.94369  2.31221  3.80245  2.48296  2.65967  2.30354  2.46969  3.89936  5.94442  4.40570     83 a - - H
          2.68618  4.42225  2.77519  2.73123  3.46354  2.40513  3.72494  3.29354  2.67741  2.69355  4.24690  2.90347  2.73739  3.18146  2.89801  2.37887  2.77519  2.98518  4.58477  3.61503
          0.00752  5.28935  6.01169  0.61958  0.77255  0.48576  0.95510
     67   2.10803  5.51762  2.64589  2.05439  4.86328  3.44847  3.76909  4.22471  2.29416  3.71953  4.34037  2.98091  2.47734  2.54210  2.48684  2.49974  3.10738  3.82772  5.47481  4.53864     84 e - - H
          2.68616  4.42226  2.77514  2.73121  3.46347  2.40514  3.72495  3.29355  2.67742  2.69356  4.24691  2.90348  2.73741  3.18147  2.89802  2.37888  2.77520  2.98519  4.58478  3.61504
          0.01549  4.34918  6.01169  0.70386  0.68254  0.48576  0.95510
     68   3.00515  4.20258  5.05486  4.44140  3.47925  4.26789  4.60373  1.92230  4.22887  1.43160  2.29582  4.42902  4.62875  4.11962  4.23916  3.47524  3.16231  1.59836  5.09499  3.57365     89 l - - H
          2.68618  4.42225  2.77519  2.73123  3.46354  2.40513  3.72494  3.29354  2.67741  2.69355  4.24690  2.90347  2.73739  3.18146  2.89801  2.37887  2.77519  2.98518  4.58477  3.61503
          0.00752  5.28935  6.01169  0.61958  0.77255  0.48576  0.95510
     69   2.86175  4.46485  5.06622  4.45093  2.37869  4.26714  4.60126  1.78630  4.23499  1.82639  2.19037  4.43232  4.62705  4.36163  4.23961  3.57961  3.16507  1.70758  4.64663  3.44659     90 v - - H
          2.68618  4.42225  2.77519  2.73123  3.46354  2.40513  3.72494  3.29354  2.67741  2.69355  4.24690  2.90347  2.73739  3.18146  2.89801  2.37887  2.77519  2.98518  4.58477  3.61503
          0.00752  5.28935  6.01169  0.61958  0.77255  0.48576  0.95510
     70   2.06508  5.51783  2.26501  2.06355  4.67188  3.39343  3.75235  4.15036  2.13441  3.60384  4.55831  2.98017  4.09044  2.43251  2.49257  2.69698  2.88029  3.67645  5.95011  4.53875     91 e - - H
          2.68618  4.42225  2.77519  2.73123  3.46354  2.40513  3.72494  3.29354  2.67741  2.69355  4.24690  2.90347  2.73739  3.18146  2.89801  2.37887  2.77519  2.98518  4.58477  3.61503
          0.00752  5.28935  6.01169  0.61958  0.77255  0.48576  0.95510
     71   2.54344  4.80455  3.02023  2.55409  4.24383  3.75049  3.43268  3.40889  2.00068  2.27564  2.95179  3.34159  4.21953  2.92180  2.10428  2.88058  3.12079  3.22909  5.77477  3.71224     92 k - - H
          2.68618  4.42225  2.77519  2.73123  3.46354  2.40513  3.72494  3.29354  2.67741  2.69355  4.24690  2.90347  2.73739  3.18146  2.89801  2.37887  2.77519  2.98518  4.58477  3.61503
          0.00992  5.28935  5.33445  0.61958  0.77255  0.48576  0.95510
     72   3.91265  5.36950  6.15407  5.57922  3.39820  5.52836  5.88786  1.06925  5.43595  0.97849  2.71661  5.70298  5.64765  5.37635  5.39886  4.90574  4.35605  2.36250  6.00240  4.99369     93 l - - H
          2.68618  4.42225  2.77519  2.73123  3.46354  2.40513  3.72494  3.29354  2.67741  2.69355  4.24690  2.90347  2.73739  3.18146  2.89801  2.37887  2.77519  2.98518  4.58477  3.61503
          0.00754  5.28697  6.00932  0.61958  0.77255  0.49466  0.94104
     73   2.75430  4.49415  3.31823  2.76135  4.67509  3.39301  3.72099  3.66515  1.91379  2.64592  3.98252  3.12356  4.19872  2.13436  1.76087  2.84317  3.20525  3.39375  5.84822  4.47226     94 r - - H
          2.68618  4.42225  2.77519  2.73123  3.46354  2.40513  3.72494  3.29354  2.67741  2.69355  4.24690  2.90347  2.73739  3.18146  2.89801  2.37887  2.77519  2.98518  4.58477  3.61503
          0.00754  5.28697  6.00932  0.61958  0.77255  0.49466  0.94104
     74   2.15127  5.51728  2.64139  2.14400  4.86330  3.18829  3.31483  4.08263  2.18667  3.69973  4.55770  2.56928  3.99837  2.49632  2.58837  2.50151  2.69816  3.63200  5.94940  4.53788     95 e - - H
          2.68618  4.42225  2.77519  2.73123  3.46354  2.40513  3.72494  3.29354  2.67741  2.69355  4.24690  2.90347  2.73739  3.18146  2.89801  2.37887  2.77519  2.98518  4.58477  3.61503
          0.01131  5.28697  5.08538  0.61958  0.77255  0.49466  0.94104
     75   2.74771  4.55531  3.48979  3.01200  2.18086  3.68100  2.30461  3.01298  2.88818  2.38374  3.56463  3.44501  4.01309  3.27034  2.81581  3.04837  2.92160  2.57436  4.62881  3.05008     96 f - - H
          2.68618  4.42225  2.77519  2.73123  3.46354  2.40513  3.72494  3.29354  2.67741  2.69355  4.24690  2.90347  2.73739  3.18146  2.89801  2.37887  2.77519  2.98518  4.58477  3.61503
          0.08467  5.28323  2.57554  0.61958  0.77255  0.50846  0.91986
     76   2.19270  3.45163  2.92632  2.89670  3.83020  3.68581  3.27099  3.21220  2.66607  2.90510  3.68214  2.69382  3.43166  3.14065  2.83422  2.72704  2.78655  2.17711  4.46516  3.93508     97 v - - H
          2.68618  4.42225  2.77519  2.73123  3.46354  2.40513  3.72494  3.29354  2.67741  2.69355  4.24690  2.90347  2.73739  3.18146  2.89801  2.37887  2.77519  2.98518  4.58477  3.61503
          0.00551  5.20407        *  0.61958  0.77255  0.00000        *
//
