HMMER3/f [3.3 | Nov 2019]
NAME  CybS
ACC   PF05328.17
DESC  CybS, succinate dehydrogenase cytochrome B small subunit
LENG  133
ALPH  amino
RF    no
MM    no
CONS  yes
CS    yes
MAP   yes
DATE  Sun Dec 24 10:58:03 2023
NSEQ  35
EFFN  1.978149
CKSUM 3939344416
GA    27 27;
TC    27 27;
NC    26.9 26.9;
BM    hmmbuild HMM.ann SEED.ann
SM    hmmsearch --cpu 4 -Z 81514348 -E 1000 HMM pfamseq
STATS LOCAL MSV       -9.7185  0.71149
STATS LOCAL VITERBI  -10.5285  0.71149
STATS LOCAL FORWARD   -4.6906  0.71149
HMM          A        C        D        E        F        G        H        I        K        L        M        N        P        Q        R        S        T        V        W        Y   
            m->m     m->i     m->d     i->m     i->i     d->m     d->d
  COMPO   2.51616  4.27583  3.12271  2.91515  3.22619  2.91305  3.59871  2.62961  2.86390  2.27310  3.49393  3.29592  3.32294  3.27675  3.17220  2.66760  2.74924  2.46956  4.30990  3.24422
          2.68618  4.42225  2.77519  2.73123  3.46354  2.40513  3.72494  3.29354  2.67741  2.69355  4.24690  2.90347  2.73739  3.18146  2.89801  2.37887  2.77519  2.98518  4.58477  3.61503
          0.07644  4.61709  2.75336  0.61958  0.77255  0.00000        *
      1   2.56102  4.18591  4.18191  3.59437  2.65552  3.81490  3.81940  2.11848  3.06709  2.14455  3.30084  3.79896  4.18432  3.69193  3.39202  2.77193  2.22123  2.31594  3.92648  3.11820      1 i - - .
          2.68618  4.42225  2.77519  2.73123  3.46354  2.40513  3.72494  3.29354  2.67741  2.69355  4.24690  2.90347  2.73739  3.18146  2.89801  2.37887  2.77519  2.98518  4.58477  3.61503
          0.01572  4.55637  5.27872  0.61958  0.77255  0.59307  0.80436
      2   2.50413  5.15448  2.65385  2.37076  4.46980  3.26320  3.69346  3.93499  2.24232  2.69442  4.20370  2.98150  2.94722  2.71254  2.63462  2.08465  2.94999  3.52916  5.60536  4.21342      2 s - - .
          2.68618  4.42225  2.77519  2.73123  3.46354  2.40513  3.72494  3.29354  2.67741  2.69355  4.24690  2.90347  2.73739  3.18146  2.89801  2.37887  2.77519  2.98518  4.58477  3.61503
          0.01572  4.55637  5.27872  0.61958  0.77255  0.42407  1.06241
      3   2.55167  4.77169  3.27214  2.70961  2.82282  2.91013  3.82987  3.35923  1.83085  3.01058  3.64494  3.20117  4.00360  3.02476  2.47233  2.83352  2.97604  2.54790  5.30499  4.01095      3 k - - X
          2.68618  4.42225  2.77519  2.73123  3.46354  2.40513  3.72494  3.29354  2.67741  2.69355  4.24690  2.90347  2.73739  3.18146  2.89801  2.37887  2.77519  2.98518  4.58477  3.61503
          0.01479  4.61709  5.33944  0.61958  0.77255  0.48576  0.95510
      4   2.30707  4.33419  3.84427  3.27024  2.46133  3.76972  4.04420  2.45250  2.94922  1.96114  3.44353  3.39684  3.13798  3.47153  3.05370  2.72283  2.96672  2.59708  4.93133  3.29810      4 l - - X
          2.68618  4.42225  2.77519  2.73123  3.46354  2.40513  3.72494  3.29354  2.67741  2.69355  4.24690  2.90347  2.73739  3.18146  2.89801  2.37887  2.77519  2.98518  4.58477  3.61503
          0.01479  4.61709  5.33944  0.61958  0.77255  0.48576  0.95510
      5   2.73651  4.43252  2.82690  2.45349  4.50690  3.37370  3.70829  3.97544  1.82973  2.98172  4.23322  2.76445  2.76735  2.65457  2.52597  2.57745  2.72707  3.56357  5.63281  4.23807      5 k - - X
          2.68618  4.42225  2.77519  2.73123  3.46354  2.40513  3.72494  3.29354  2.67741  2.69355  4.24690  2.90347  2.73739  3.18146  2.89801  2.37887  2.77519  2.98518  4.58477  3.61503
          0.01479  4.61709  5.33944  0.61958  0.77255  0.48576  0.95510
      6   2.34584  4.50954  3.25001  2.96707  3.65549  3.69283  3.93889  2.59174  2.55984  2.04094  3.61017  3.39479  4.07409  3.24013  3.30289  2.67119  2.09721  2.67815  5.08477  3.49719      6 l - - X
          2.68618  4.42225  2.77519  2.73123  3.46354  2.40513  3.72494  3.29354  2.67741  2.69355  4.24690  2.90347  2.73739  3.18146  2.89801  2.37887  2.77519  2.98518  4.58477  3.61503
          0.01479  4.61709  5.33944  0.61958  0.77255  0.48576  0.95510
      7   2.46380  4.37179  4.71222  4.13043  3.17942  4.18282  4.54035  1.47801  3.98335  1.46406  3.36347  4.25893  4.52290  4.16070  4.09361  3.49805  2.59476  2.21983  5.08195  3.91129      7 l - - X
          2.68618  4.42225  2.77519  2.73123  3.46354  2.40513  3.72494  3.29354  2.67741  2.69355  4.24690  2.90347  2.73739  3.18146  2.89801  2.37887  2.77519  2.98518  4.58477  3.61503
          0.01479  4.61709  5.33944  0.61958  0.77255  0.48576  0.95510
      8   2.59787  4.18125  3.20866  2.28391  4.23595  3.55449  3.86619  3.64243  2.65878  3.25830  4.07943  3.18016  1.48526  3.02867  2.86316  2.80827  2.76860  3.30694  5.50597  4.18908      8 p - - X
          2.68618  4.42225  2.77519  2.73123  3.46354  2.40513  3.72494  3.29354  2.67741  2.69355  4.24690  2.90347  2.73739  3.18146  2.89801  2.37887  2.77519  2.98518  4.58477  3.61503
          0.01479  4.61709  5.33944  0.61958  0.77255  0.48576  0.95510
      9   2.76186  5.21430  3.02952  2.47226  4.54645  3.28792  3.71546  4.01344  2.13225  3.31126  4.26214  2.84627  2.66682  1.92022  2.47070  2.62968  2.75717  3.59880  5.65075  4.26211      9 q - - X
          2.68622  4.42229  2.77524  2.73127  3.46358  2.40517  3.72499  3.29358  2.67745  2.69359  4.24694  2.90351  2.73732  3.18122  2.89805  2.37878  2.77524  2.98523  4.58481  3.61463
          0.15807  2.53671  2.70177  0.72411  0.66311  0.48576  0.95510
     10   2.31558  4.73745  3.24129  2.68130  3.93196  3.31821  3.32273  2.97163  2.39454  2.62930  3.38402  3.02028  2.23380  3.00320  3.09863  2.80383  2.78230  3.04446  5.27318  3.97808     13 p - - X
          2.68618  4.42225  2.77519  2.73123  3.46354  2.40513  3.72494  3.29354  2.67741  2.69355  4.24690  2.90347  2.73739  3.18146  2.89801  2.37887  2.77519  2.98518  4.58477  3.61503
          0.01578  4.55278  5.27513  0.61958  0.77255  0.59888  0.79723
     11   2.76929  5.06593  2.74535  2.52614  4.36936  3.53166  3.77076  3.80532  2.53478  3.36841  4.16374  3.05435  1.61845  2.71596  2.61615  2.62234  3.00955  3.09722  5.57017  4.21299     14 p - - X
          2.68618  4.42225  2.77519  2.73123  3.46354  2.40513  3.72494  3.29354  2.67741  2.69355  4.24690  2.90347  2.73739  3.18146  2.89801  2.37887  2.77519  2.98518  4.58477  3.61503
          0.04212  4.55278  3.48316  0.61958  0.77255  0.59888  0.79723
     12   2.55794  5.04566  3.03937  2.50779  4.34642  1.92599  3.73485  3.78366  2.23282  2.97116  4.13019  3.03586  3.48935  2.32264  2.94735  2.59472  2.97107  3.41881  5.53862  4.18054     15 g - - X
          2.68618  4.42225  2.77519  2.73123  3.46354  2.40513  3.72494  3.29354  2.67741  2.69355  4.24690  2.90347  2.73739  3.18146  2.89801  2.37887  2.77519  2.98518  4.58477  3.61503
          0.01620  4.52686  5.24920  0.61958  0.77255  0.56694  0.83761
     13   2.71210  4.60926  3.35900  2.46952  2.85343  2.36150  3.63858  2.96715  2.60885  2.53763  3.70215  3.26244  3.49273  3.09865  3.05329  2.85115  2.72722  2.80712  5.16551  3.05875     16 g - - X
          2.68618  4.42225  2.77519  2.73123  3.46354  2.40513  3.72494  3.29354  2.67741  2.69355  4.24690  2.90347  2.73739  3.18146  2.89801  2.37887  2.77519  2.98518  4.58477  3.61503
          0.01578  4.55278  5.27513  0.61958  0.77255  0.59888  0.79723
     14   2.41611  3.35407  4.99507  4.43649  3.65233  4.40333  4.84744  1.47953  4.29592  2.12596  3.55549  4.52763  4.73067  4.48739  4.39409  3.74482  3.33821  1.20676  5.35141  4.15803     17 v - - X
          2.68618  4.42225  2.77519  2.73123  3.46354  2.40513  3.72494  3.29354  2.67741  2.69355  4.24690  2.90347  2.73739  3.18146  2.89801  2.37887  2.77519  2.98518  4.58477  3.61503
          0.01578  4.55278  5.27513  0.61958  0.77255  0.42102  1.06822
     15   2.73504  4.98856  3.00374  2.41716  4.24207  3.55484  3.75497  3.21671  2.34129  2.91698  4.05473  3.07252  3.59606  2.39681  2.76282  2.27823  2.65012  2.36177  5.48020  4.13286     18 s - - X
          2.68618  4.42225  2.77519  2.73123  3.46354  2.40513  3.72494  3.29354  2.67741  2.69355  4.24690  2.90347  2.73739  3.18146  2.89801  2.37887  2.77519  2.98518  4.58477  3.61503
          0.01479  4.61709  5.33944  0.61958  0.77255  0.48576  0.95510
     16   2.44736  5.14563  2.85667  2.43187  4.46552  1.66928  3.77084  3.91807  2.54180  3.45640  4.23331  3.03728  3.95173  2.64228  2.79484  2.42337  2.81926  3.53113  5.63803  4.25871     19 g - - X
          2.68618  4.42225  2.77519  2.73123  3.46354  2.40513  3.72494  3.29354  2.67741  2.69355  4.24690  2.90347  2.73739  3.18146  2.89801  2.37887  2.77519  2.98518  4.58477  3.61503
          0.01479  4.61709  5.33944  0.61958  0.77255  0.48576  0.95510
     17   2.71747  5.27928  2.48886  2.16437  4.60972  3.52604  3.80993  4.07977  2.60873  3.59556  4.36758  2.66974  3.97803  2.93025  3.11129  2.24540  1.58188  3.67092  5.76067  4.35462     20 t - - X
          2.68618  4.42225  2.77519  2.73123  3.46354  2.40513  3.72494  3.29354  2.67741  2.69355  4.24690  2.90347  2.73739  3.18146  2.89801  2.37887  2.77519  2.98518  4.58477  3.61503
          0.01479  4.61709  5.33944  0.61958  0.77255  0.48576  0.95510
     18   2.64974  4.22514  4.38163  3.79360  3.34407  3.92187  4.24954  2.18769  3.65604  2.28261  2.74670  3.95404  3.51846  3.86015  3.80024  2.85289  2.88949  1.31675  4.87719  3.68904     21 v - - -
          2.68618  4.42225  2.77519  2.73123  3.46354  2.40513  3.72494  3.29354  2.67741  2.69355  4.24690  2.90347  2.73739  3.18146  2.89801  2.37887  2.77519  2.98518  4.58477  3.61503
          0.04155  4.61709  3.47968  0.61958  0.77255  0.48576  0.95510
     19   2.81529  5.11985  3.09517  2.57732  4.45049  3.57420  3.78496  3.88407  2.31304  3.42929  4.22250  1.46395  3.98785  2.91326  2.56134  2.40369  3.05155  3.05565  5.60828  4.26275     22 n - - .
          2.68608  4.42233  2.77527  2.73131  3.46311  2.40508  3.72468  3.29362  2.67748  2.69362  4.24697  2.90354  2.73730  3.18136  2.89786  2.37894  2.77527  2.98526  4.58485  3.61511
          0.16992  1.88821  5.31308  0.67264  0.71408  0.45640  1.00392
     20   2.62933  5.26575  1.72439  2.02983  4.59238  3.51900  3.74364  4.06981  2.50613  3.56446  4.31745  2.99112  3.35415  2.50955  3.00316  2.74973  2.60177  3.26275  5.71032  4.30162     25 d - - -
          2.68618  4.42225  2.77519  2.73123  3.46354  2.40513  3.72494  3.29354  2.67741  2.69355  4.24690  2.90347  2.73739  3.18146  2.89801  2.37887  2.77519  2.98518  4.58477  3.61503
          0.01479  4.61709  5.33944  0.61958  0.77255  0.48576  0.95510
     21   1.67285  4.77949  3.25882  2.70447  4.01391  3.59045  3.84090  3.40855  2.48222  3.05486  3.12638  3.04757  2.94925  3.02997  3.12480  2.26938  2.97316  2.90381  5.34263  4.04309     26 a - - -
          2.68618  4.42225  2.77519  2.73123  3.46354  2.40513  3.72494  3.29354  2.67741  2.69355  4.24690  2.90347  2.73739  3.18146  2.89801  2.37887  2.77519  2.98518  4.58477  3.61503
          0.01479  4.61709  5.33944  0.61958  0.77255  0.48576  0.95510
     22   2.11824  4.34778  3.82515  3.25376  2.75644  3.76176  4.04132  2.82552  3.18542  2.47099  3.46158  3.35387  4.14171  3.46111  3.48154  2.54708  2.30465  2.53595  4.94227  2.22473     27 a - - -
          2.68621  4.42228  2.77523  2.73126  3.46357  2.40516  3.72497  3.29357  2.67726  2.69340  4.24693  2.90350  2.73731  3.18149  2.89804  2.37890  2.77523  2.98521  4.58480  3.61506
          0.13596  2.10110  5.33944  0.24868  1.51336  0.48576  0.95510
     23   2.73638  4.75210  3.27078  2.63113  3.94436  3.61375  3.83092  2.96306  2.18369  2.98920  3.83704  2.88530  2.39485  2.90659  3.00561  2.82921  2.81620  2.33945  3.91606  3.64863     29 k - - -
          2.68618  4.42225  2.77519  2.73123  3.46354  2.40513  3.72494  3.29354  2.67741  2.69355  4.24690  2.90347  2.73739  3.18146  2.89801  2.37887  2.77519  2.98518  4.58477  3.61503
          0.01479  4.61709  5.33944  0.61958  0.77255  0.48576  0.95510
     24   2.73458  3.67755  3.10777  2.97932  3.17232  3.69612  3.53533  2.61218  2.82305  2.71407  3.34404  3.40354  2.32112  3.24955  2.60087  2.93514  2.96626  2.23407  5.07533  3.83266     30 v - - S
          2.68618  4.42225  2.77519  2.73123  3.46354  2.40513  3.72494  3.29354  2.67741  2.69355  4.24690  2.90347  2.73739  3.18146  2.89801  2.37887  2.77519  2.98518  4.58477  3.61503
          0.01479  4.61709  5.33944  0.61958  0.77255  0.48576  0.95510
     25   2.78547  4.96283  3.16260  2.44813  4.24411  3.11502  3.81958  3.65506  2.58166  3.25612  3.50757  3.14542  1.52914  2.97396  2.64796  2.82406  2.89272  3.32846  5.49345  4.17080     31 p - - -
          2.68618  4.42225  2.77519  2.73123  3.46354  2.40513  3.72494  3.29354  2.67741  2.69355  4.24690  2.90347  2.73739  3.18146  2.89801  2.37887  2.77519  2.98518  4.58477  3.61503
          0.01479  4.61709  5.33944  0.61958  0.77255  0.48576  0.95510
     26   2.26925  4.18425  3.01640  2.14310  4.47578  3.23682  3.48498  3.93919  2.13481  3.17366  4.21292  2.89851  2.83033  2.62679  2.94716  2.41817  2.74809  3.53635  5.61614  4.22602     32 k - - -
          2.68618  4.42225  2.77519  2.73123  3.46354  2.40513  3.72494  3.29354  2.67741  2.69355  4.24690  2.90347  2.73739  3.18146  2.89801  2.37887  2.77519  2.98518  4.58477  3.61503
          0.01479  4.61709  5.33944  0.61958  0.77255  0.48576  0.95510
     27   2.31847  4.79557  3.23295  2.48694  3.59817  3.59810  3.55506  3.39965  2.66359  2.77174  3.88323  3.17511  2.08464  3.00525  3.10663  2.19754  2.86541  2.99521  5.33013  4.02677     33 p - - -
          2.68618  4.42225  2.77519  2.73123  3.46354  2.40513  3.72494  3.29354  2.67741  2.69355  4.24690  2.90347  2.73739  3.18146  2.89801  2.37887  2.77519  2.98518  4.58477  3.61503
          0.01479  4.61709  5.33944  0.61958  0.77255  0.48576  0.95510
     28   2.47261  5.23531  2.74478  2.34074  4.56868  3.12113  2.98011  4.04766  2.24738  3.53589  4.28080  2.20908  3.91391  2.81353  2.94922  2.09523  2.67315  3.62001  5.67514  4.26897     34 s - - -
          2.68618  4.42225  2.77519  2.73123  3.46354  2.40513  3.72494  3.29354  2.67741  2.69355  4.24690  2.90347  2.73739  3.18146  2.89801  2.37887  2.77519  2.98518  4.58477  3.61503
          0.01479  4.61709  5.33944  0.61958  0.77255  0.48576  0.95510
     29   2.65797  5.07081  3.05958  2.37453  4.05001  3.25220  3.41312  3.79257  1.93061  3.34765  3.77157  3.03695  2.89442  2.53833  2.84564  2.53687  2.80581  3.05976  4.61978  3.43875     35 k - - -
          2.68618  4.42225  2.77519  2.73123  3.46354  2.40513  3.72494  3.29354  2.67741  2.69355  4.24690  2.90347  2.73739  3.18146  2.89801  2.37887  2.77519  2.98518  4.58477  3.61503
          0.01479  4.61709  5.33944  0.61958  0.77255  0.48576  0.95510
     30   2.61415  4.32743  3.86018  3.28595  2.76988  3.11784  4.04967  2.79813  3.21322  2.21729  2.70570  3.61603  3.05673  3.48349  3.49846  2.11354  2.74673  2.59019  4.92592  2.96061     36 s - - -
          2.68618  4.42225  2.77519  2.73123  3.46354  2.40513  3.72494  3.29354  2.67741  2.69355  4.24690  2.90347  2.73739  3.18146  2.89801  2.37887  2.77519  2.98518  4.58477  3.61503
          0.01479  4.61709  5.33944  0.61958  0.77255  0.48576  0.95510
     31   2.82099  5.34075  2.53123  1.78343  4.67632  3.51939  2.21441  4.16549  2.35118  3.64118  4.38917  2.56203  3.95030  2.62797  3.02886  2.44830  3.05791  3.72731  5.77294  4.35113     37 e - - S
          2.68618  4.42225  2.77519  2.73123  3.46354  2.40513  3.72494  3.29354  2.67741  2.69355  4.24690  2.90347  2.73739  3.18146  2.89801  2.37887  2.77519  2.98518  4.58477  3.61503
          0.01479  4.61709  5.33944  0.61958  0.77255  0.48576  0.95510
     32   2.91391  5.21905  2.45427  2.54034  4.33643  1.43148  2.51228  3.94739  2.72635  3.50725  4.32471  3.08245  4.04295  3.03741  3.21290  2.90157  3.16302  3.59074  5.61938  3.36891     38 g - - S
          2.68618  4.42225  2.77519  2.73123  3.46354  2.40513  3.72494  3.29354  2.67741  2.69355  4.24690  2.90347  2.73739  3.18146  2.89801  2.37887  2.77519  2.98518  4.58477  3.61503
          0.01479  4.61709  5.33944  0.61958  0.77255  0.48576  0.95510
     33   2.37436  4.62235  3.56324  3.07461  4.23806  3.07052  3.77456  3.63546  3.06456  3.30167  4.14113  3.43681  4.03784  3.38689  3.45848  1.06191  2.70454  2.68500  5.58632  4.32535     39 s - - S
          2.68618  4.42225  2.77519  2.73123  3.46354  2.40513  3.72494  3.29354  2.67741  2.69355  4.24690  2.90347  2.73739  3.18146  2.89801  2.37887  2.77519  2.98518  4.58477  3.61503
          0.01479  4.61709  5.33944  0.61958  0.77255  0.48576  0.95510
     34   2.56152  4.26772  4.07490  3.49548  2.97789  3.82775  4.10752  2.71592  3.39352  2.16168  2.97054  3.21146  4.19930  3.63543  3.61666  3.10627  2.62143  2.51921  4.84441  1.65124     40 y - - -
          2.68618  4.42225  2.77519  2.73123  3.46354  2.40513  3.72494  3.29354  2.67741  2.69355  4.24690  2.90347  2.73739  3.18146  2.89801  2.37887  2.77519  2.98518  4.58477  3.61503
          0.01479  4.61709  5.33944  0.61958  0.77255  0.48576  0.95510
     35   2.92276  4.86650  3.46938  2.91285  3.81607  3.76466  1.33625  3.40459  2.66015  2.58755  3.35870  3.36705  4.14935  2.63785  2.99354  3.02535  3.14589  3.16897  5.22073  3.86386     41 h - - H
          2.68618  4.42225  2.77519  2.73123  3.46354  2.40513  3.72494  3.29354  2.67741  2.69355  4.24690  2.90347  2.73739  3.18146  2.89801  2.37887  2.77519  2.98518  4.58477  3.61503
          0.01479  4.61709  5.33944  0.61958  0.77255  0.48576  0.95510
     36   3.18261  4.76284  4.08997  3.59878  2.50630  4.08811  3.95669  3.28492  3.02186  2.90178  3.89559  3.13528  4.47148  3.73656  3.62932  3.39958  3.41753  3.08957  1.03970  2.87431     42 w - - H
          2.68618  4.42225  2.77519  2.73123  3.46354  2.40513  3.72494  3.29354  2.67741  2.69355  4.24690  2.90347  2.73739  3.18146  2.89801  2.37887  2.77519  2.98518  4.58477  3.61503
          0.01479  4.61709  5.33944  0.61958  0.77255  0.48576  0.95510
     37   2.61905  5.09458  2.37749  2.49186  4.38206  3.53369  3.72811  3.54202  2.33045  3.37490  4.15102  2.61234  3.92574  2.84726  2.72748  2.55472  1.96584  3.45393  4.59123  3.59149     43 t - - H
          2.68618  4.42225  2.77519  2.73123  3.46354  2.40513  3.72494  3.29354  2.67741  2.69355  4.24690  2.90347  2.73739  3.18146  2.89801  2.37887  2.77519  2.98518  4.58477  3.61503
          0.01479  4.61709  5.33944  0.61958  0.77255  0.48576  0.95510
     38   2.39304  4.17143  4.48864  3.88980  2.10463  3.90149  4.21098  2.48765  3.72310  1.83702  3.08405  3.98204  4.26526  3.89467  3.81207  2.95110  2.99119  2.31329  4.76857  2.23321     44 l - - H
          2.68618  4.42225  2.77519  2.73123  3.46354  2.40513  3.72494  3.29354  2.67741  2.69355  4.24690  2.90347  2.73739  3.18146  2.89801  2.37887  2.77519  2.98518  4.58477  3.61503
          0.01479  4.61709  5.33944  0.61958  0.77255  0.48576  0.95510
     39   3.26587  5.90573  1.92247  0.83386  5.17572  3.55690  3.20079  4.72832  3.06669  4.18896  5.02021  3.00364  4.16644  3.22778  3.66380  3.14012  3.54655  4.27710  6.32413  4.79937     45 e - - H
          2.68618  4.42225  2.77519  2.73123  3.46354  2.40513  3.72494  3.29354  2.67741  2.69355  4.24690  2.90347  2.73739  3.18146  2.89801  2.37887  2.77519  2.98518  4.58477  3.61503
          0.01479  4.61709  5.33944  0.61958  0.77255  0.48576  0.95510
     40   3.70426  5.69464  4.30639  3.43546  5.30868  4.20035  3.98584  4.58400  1.74900  3.92049  4.82882  3.73994  4.53403  3.11787  0.64441  3.68518  3.80881  4.28538  5.85784  4.80253     46 R - - H
          2.68618  4.42225  2.77519  2.73123  3.46354  2.40513  3.72494  3.29354  2.67741  2.69355  4.24690  2.90347  2.73739  3.18146  2.89801  2.37887  2.77519  2.98518  4.58477  3.61503
          0.01479  4.61709  5.33944  0.61958  0.77255  0.48576  0.95510
     41   2.00336  4.18239  4.34743  3.75438  3.14783  3.36340  4.18212  1.87083  3.61116  1.86271  3.29848  3.90379  4.23504  3.80796  3.74483  2.87726  2.97432  2.21607  4.80135  3.16150     47 l - - H
          2.68618  4.42225  2.77519  2.73123  3.46354  2.40513  3.72494  3.29354  2.67741  2.69355  4.24690  2.90347  2.73739  3.18146  2.89801  2.37887  2.77519  2.98518  4.58477  3.61503
          0.01479  4.61709  5.33944  0.61958  0.77255  0.48576  0.95510
     42   2.59855  4.13835  4.63342  4.02492  2.51939  3.91655  4.24696  1.97473  3.82919  1.84707  3.24889  4.05082  4.27920  3.97600  3.86771  3.05406  2.71303  1.76035  3.64273  3.58558     48 v - - H
          2.68618  4.42225  2.77519  2.73123  3.46354  2.40513  3.72494  3.29354  2.67741  2.69355  4.24690  2.90347  2.73739  3.18146  2.89801  2.37887  2.77519  2.98518  4.58477  3.61503
          0.01479  4.61709  5.33944  0.61958  0.77255  0.48576  0.95510
     43   1.45076  4.79892  3.31318  2.84599  4.38372  3.47620  4.02966  3.80115  2.65400  3.42143  4.23666  2.87070  4.01578  3.20427  3.28560  1.58547  3.03972  3.21470  5.66029  4.35614     49 a - - H
          2.68618  4.42225  2.77519  2.73123  3.46354  2.40513  3.72494  3.29354  2.67741  2.69355  4.24690  2.90347  2.73739  3.18146  2.89801  2.37887  2.77519  2.98518  4.58477  3.61503
          0.01479  4.61709  5.33944  0.61958  0.77255  0.48576  0.95510
     44   2.17184  4.16178  4.56718  3.96453  3.24495  3.92060  4.24370  2.01576  3.78466  2.11975  3.26911  4.02714  4.28315  3.94615  3.85086  3.22599  2.99682  1.58799  3.65575  2.78318     50 v - - H
          2.68618  4.42225  2.77519  2.73123  3.46354  2.40513  3.72494  3.29354  2.67741  2.69355  4.24690  2.90347  2.73739  3.18146  2.89801  2.37887  2.77519  2.98518  4.58477  3.61503
          0.01479  4.61709  5.33944  0.61958  0.77255  0.48576  0.95510
     45   1.88220  4.58418  3.64488  3.13811  4.22427  1.81780  4.19574  2.99129  3.11837  3.29034  4.13211  3.47491  4.03813  3.43211  3.50583  1.90149  2.19113  3.23803  5.58343  4.33125     51 g - - H
          2.68618  4.42225  2.77519  2.73123  3.46354  2.40513  3.72494  3.29354  2.67741  2.69355  4.24690  2.90347  2.73739  3.18146  2.89801  2.37887  2.77519  2.98518  4.58477  3.61503
          0.01479  4.61709  5.33944  0.61958  0.77255  0.48576  0.95510
     46   3.16432  4.77639  5.31084  4.72789  3.38081  4.76379  5.10075  2.17175  4.58158  0.87228  2.04196  4.87533  4.96768  4.62586  4.61966  4.10843  3.69909  2.10619  5.38353  4.32763     52 l - - H
          2.68618  4.42225  2.77519  2.73123  3.46354  2.40513  3.72494  3.29354  2.67741  2.69355  4.24690  2.90347  2.73739  3.18146  2.89801  2.37887  2.77519  2.98518  4.58477  3.61503
          0.01479  4.61709  5.33944  0.61958  0.77255  0.48576  0.95510
     47   3.55972  4.78342  5.56205  5.04330  3.74981  5.05678  5.58229  1.48537  4.94241  1.26258  3.51183  5.19745  5.24588  5.06405  5.02871  4.45378  3.80239  1.19250  5.83472  4.71998     53 v - - H
          2.68618  4.42225  2.77519  2.73123  3.46354  2.40513  3.72494  3.29354  2.67741  2.69355  4.24690  2.90347  2.73739  3.18146  2.89801  2.37887  2.77519  2.98518  4.58477  3.61503
          0.01479  4.61709  5.33944  0.61958  0.77255  0.48576  0.95510
     48   2.33200  4.60686  3.80722  3.65198  4.98298  2.17288  4.80103  4.43614  3.84032  4.10804  4.91803  3.76638  0.75206  4.08647  4.13005  2.83353  3.17966  3.76958  6.28877  5.11166     54 p - - H
          2.68618  4.42225  2.77519  2.73123  3.46354  2.40513  3.72494  3.29354  2.67741  2.69355  4.24690  2.90347  2.73739  3.18146  2.89801  2.37887  2.77519  2.98518  4.58477  3.61503
          0.01479  4.61709  5.33944  0.61958  0.77255  0.48576  0.95510
     49   3.35774  4.68541  5.14221  4.55389  3.35610  4.60384  4.92776  1.84095  4.39780  0.87477  2.85919  4.69763  4.84381  3.81840  4.45508  3.93555  3.58057  2.08630  5.28098  4.19884     55 l - - H
          2.68618  4.42225  2.77519  2.73123  3.46354  2.40513  3.72494  3.29354  2.67741  2.69355  4.24690  2.90347  2.73739  3.18146  2.89801  2.37887  2.77519  2.98518  4.58477  3.61503
          0.01479  4.61709  5.33944  0.61958  0.77255  0.48576  0.95510
     50   2.41244  3.79159  4.52638  3.93868  3.38331  4.01027  4.35200  2.07106  3.79306  1.96331  3.18938  4.07065  4.37020  3.98552  3.91482  3.31512  1.77682  1.84397  4.94267  3.75651     56 t - - T
          2.68618  4.42225  2.77519  2.73123  3.46354  2.40513  3.72494  3.29354  2.67741  2.69355  4.24690  2.90347  2.73739  3.18146  2.89801  2.37887  2.77519  2.98518  4.58477  3.61503
          0.01479  4.61709  5.33944  0.61958  0.77255  0.48576  0.95510
     51   2.54926  4.24040  4.11796  3.53516  3.34991  3.52549  4.12726  2.42981  3.42845  2.09666  2.49780  3.77561  2.47950  3.66244  3.63689  2.93974  2.52620  2.03554  4.85372  3.65777     57 v - - H
          2.68618  4.42225  2.77519  2.73123  3.46354  2.40513  3.72494  3.29354  2.67741  2.69355  4.24690  2.90347  2.73739  3.18146  2.89801  2.37887  2.77519  2.98518  4.58477  3.61503
          0.01479  4.61709  5.33944  0.61958  0.77255  0.48576  0.95510
     52   1.83823  4.26927  4.03908  3.46047  3.38630  3.06233  4.11152  2.49483  3.36559  2.16763  3.38732  3.73037  4.18661  3.61252  3.60017  2.97725  2.50666  1.90545  4.88424  3.40199     58 a - - H
          2.68618  4.42225  2.77519  2.73123  3.46354  2.40513  3.72494  3.29354  2.67741  2.69355  4.24690  2.90347  2.73739  3.18146  2.89801  2.37887  2.77519  2.98518  4.58477  3.61503
          0.01479  4.61709  5.33944  0.61958  0.77255  0.48576  0.95510
     53   1.85018  4.55506  3.84594  3.46252  4.72821  2.25731  4.53843  4.17012  3.49284  3.81809  4.61364  3.64366  1.20160  3.77511  3.84503  2.36071  2.60397  3.58773  6.03897  4.81844     59 p - - H
          2.68618  4.42225  2.77519  2.73123  3.46354  2.40513  3.72494  3.29354  2.67741  2.69355  4.24690  2.90347  2.73739  3.18146  2.89801  2.37887  2.77519  2.98518  4.58477  3.61503
          0.01479  4.61709  5.33944  0.61958  0.77255  0.48576  0.95510
     54   2.70943  4.28153  4.64405  4.04651  1.64084  4.04291  4.33805  2.45945  3.87610  1.51408  3.04095  4.13146  4.38689  4.02551  3.94973  3.34966  2.91682  2.45684  4.84317  3.08649     60 l - - H
          2.68618  4.42225  2.77519  2.73123  3.46354  2.40513  3.72494  3.29354  2.67741  2.69355  4.24690  2.90347  2.73739  3.18146  2.89801  2.37887  2.77519  2.98518  4.58477  3.61503
          0.01479  4.61709  5.33944  0.61958  0.77255  0.48576  0.95510
     55   2.12330  4.14558  4.50501  3.90258  2.60062  3.32298  4.20836  2.30121  3.72917  2.06010  2.80263  3.98041  4.25075  3.89699  3.80689  3.18776  2.68369  1.95641  4.76524  2.79705     61 v - - H
          2.68618  4.42225  2.77519  2.73123  3.46354  2.40513  3.72494  3.29354  2.67741  2.69355  4.24690  2.90347  2.73739  3.18146  2.89801  2.37887  2.77519  2.98518  4.58477  3.61503
          0.01479  4.61709  5.33944  0.61958  0.77255  0.48576  0.95510
     56   1.79350  4.40110  3.71641  3.14884  2.99017  2.85855  4.01119  2.63525  3.09355  2.61971  3.51847  3.52217  4.11579  3.38330  3.42090  2.59831  2.23089  2.67746  5.00081  3.24125     62 a - - H
          2.68601  4.42231  2.77526  2.73129  3.46360  2.40513  3.72501  3.29360  2.67747  2.69352  4.24696  2.90353  2.73746  3.18152  2.89807  2.37878  2.77493  2.98524  4.58483  3.61509
          0.59688  1.46507  1.52138  0.15805  1.92285  0.48576  0.95510
     57   2.45767  4.41611  3.54802  3.02080  3.29167  1.50392  3.99619  3.09434  2.98249  2.81878  3.38384  3.38525  3.97913  3.29348  3.34393  2.48708  2.90111  2.67499  5.17480  3.92883     64 g - - H
          2.68618  4.42225  2.77519  2.73123  3.46354  2.40513  3.72494  3.29354  2.67741  2.69355  4.24690  2.90347  2.73739  3.18146  2.89801  2.37887  2.77519  2.98518  4.58477  3.61503
          0.01884  4.37679  5.09914  0.61958  0.77255  0.82986  0.57289
     58   2.33404  4.46603  3.49737  2.98515  4.04049  3.06404  4.03970  3.42497  2.96437  3.10581  3.95309  3.33762  3.11941  3.27984  3.35289  1.67406  2.08502  2.33847  5.40696  4.15372     65 s - - H
          2.68610  4.42231  2.77526  2.73130  3.46360  2.40484  3.72501  3.29360  2.67747  2.69361  4.24653  2.90353  2.73737  3.18153  2.89807  2.37888  2.77526  2.98510  4.58483  3.61510
          0.24858  1.92712  2.59661  0.74855  0.64065  0.31848  1.29920
     59   2.58674  4.44911  3.57061  2.47117  3.41728  3.68848  3.33204  2.51790  2.96022  2.15915  3.32780  3.41559  2.70705  3.26455  3.31971  2.69872  2.82585  2.36920  5.02931  3.79240     69 l - - -
          2.68622  4.42236  2.77531  2.73110  3.46333  2.40506  3.72505  3.29336  2.67752  2.69357  4.24701  2.90358  2.73743  3.18157  2.89812  2.37892  2.77513  2.98498  4.58488  3.61474
          0.12376  2.19521  5.28413  1.19730  0.35955  0.42878  1.05355
     60   2.73547  3.71998  3.32158  2.76178  3.28765  3.17225  2.78717  3.26118  2.74187  2.92874  3.78632  2.59144  4.01594  3.07499  3.16623  1.91207  2.86341  2.99548  5.23871  2.98800     76 s - - -
          2.68618  4.42225  2.77519  2.73123  3.46354  2.40513  3.72494  3.29354  2.67741  2.69355  4.24690  2.90347  2.73739  3.18146  2.89801  2.37887  2.77519  2.98518  4.58477  3.61503
          0.01479  4.61709  5.33944  0.61958  0.77255  0.48576  0.95510
     61   2.81395  5.08537  3.08936  2.60150  4.43808  3.56630  3.82613  3.86959  2.35554  3.42934  4.22787  3.11799  1.69328  2.42571  2.98980  2.61260  2.28513  3.50179  5.62400  4.27971     77 p - - T
          2.68618  4.42225  2.77519  2.73123  3.46354  2.40513  3.72494  3.29354  2.67741  2.69355  4.24690  2.90347  2.73739  3.18146  2.89801  2.37887  2.77519  2.98518  4.58477  3.61503
          0.01479  4.61709  5.33944  0.61958  0.77255  0.48576  0.95510
     62   2.34551  4.25816  4.70315  4.10844  3.10657  4.07269  4.41756  2.08895  3.93799  1.84132  2.62926  4.18112  4.42182  4.09974  4.00905  3.38494  2.69613  1.50043  4.94302  3.76680     78 v - - T
          2.68618  4.42225  2.77519  2.73123  3.46354  2.40513  3.72494  3.29354  2.67741  2.69355  4.24690  2.90347  2.73739  3.18146  2.89801  2.37887  2.77519  2.98518  4.58477  3.61503
          0.01479  4.61709  5.33944  0.61958  0.77255  0.48576  0.95510
     63   2.67009  4.21116  4.48057  3.88642  3.30288  3.15100  4.26822  1.96963  3.73144  1.68401  2.16888  4.00678  4.30315  3.91520  3.84111  3.24260  2.62421  2.21561  4.85050  3.66941     79 l - - T
          2.68618  4.42225  2.77519  2.73123  3.46354  2.40513  3.72494  3.29354  2.67741  2.69355  4.24690  2.90347  2.73739  3.18146  2.89801  2.37887  2.77519  2.98518  4.58477  3.61503
          0.01479  4.61709  5.33944  0.61958  0.77255  0.48576  0.95510
     64   3.99809  6.05340  0.26495  3.11916  5.58059  3.97254  4.83749  5.38491  4.08998  4.86360  5.91295  3.69446  4.67310  4.11427  4.66228  3.91321  4.36705  4.95815  6.56621  5.40366     80 D - - H
          2.68618  4.42225  2.77519  2.73123  3.46354  2.40513  3.72494  3.29354  2.67741  2.69355  4.24690  2.90347  2.73739  3.18146  2.89801  2.37887  2.77519  2.98518  4.58477  3.61503
          0.01479  4.61709  5.33944  0.61958  0.77255  0.48576  0.95510
     65   1.53924  4.51323  3.65100  3.11132  3.24867  3.00895  4.09179  3.24149  3.07572  2.94622  3.82017  3.47506  4.06568  3.38187  3.44345  1.99855  2.34730  2.63532  5.28920  4.04932     81 a - - H
          2.68618  4.42225  2.77519  2.73123  3.46354  2.40513  3.72494  3.29354  2.67741  2.69355  4.24690  2.90347  2.73739  3.18146  2.89801  2.37887  2.77519  2.98518  4.58477  3.61503
          0.01479  4.61709  5.33944  0.61958  0.77255  0.48576  0.95510
     66   2.30536  4.17787  4.51788  3.91951  2.80826  3.92495  4.25258  2.07526  3.75349  1.91121  3.14704  4.01136  4.28808  3.92731  3.84214  2.98845  2.30353  1.81826  4.81632  3.63434     82 v - - H
          2.68618  4.42225  2.77519  2.73123  3.46354  2.40513  3.72494  3.29354  2.67741  2.69355  4.24690  2.90347  2.73739  3.18146  2.89801  2.37887  2.77519  2.98518  4.58477  3.61503
          0.01479  4.61709  5.33944  0.61958  0.77255  0.48576  0.95510
     67   3.77344  5.01546  5.67947  5.08805  2.28483  5.10292  5.37046  1.76330  4.94130  0.77913  2.61451  5.24786  5.18492  4.83804  4.89532  4.47121  3.97776  2.72949  5.45046  4.44985     83 l - - H
          2.68618  4.42225  2.77519  2.73123  3.46354  2.40513  3.72494  3.29354  2.67741  2.69355  4.24690  2.90347  2.73739  3.18146  2.89801  2.37887  2.77519  2.98518  4.58477  3.61503
          0.01479  4.61709  5.33944  0.61958  0.77255  0.48576  0.95510
     68   1.31813  2.01945  4.31294  3.90363  4.47648  3.07060  4.72009  3.87294  3.83509  3.58539  4.42460  3.85528  4.07656  4.07432  4.07762  1.51327  2.53627  3.37859  5.88031  4.71424     84 a - - H
          2.68618  4.42225  2.77519  2.73123  3.46354  2.40513  3.72494  3.29354  2.67741  2.69355  4.24690  2.90347  2.73739  3.18146  2.89801  2.37887  2.77519  2.98518  4.58477  3.61503
          0.01479  4.61709  5.33944  0.61958  0.77255  0.48576  0.95510
     69   2.25201  3.58222  4.17152  3.59071  3.36074  3.35961  4.15820  2.16005  3.47887  2.27097  3.36688  3.80921  4.20897  3.70666  3.67497  2.09436  2.74058  1.91492  4.86822  3.67427     85 v - - H
          2.68618  4.42225  2.77519  2.73123  3.46354  2.40513  3.72494  3.29354  2.67741  2.69355  4.24690  2.90347  2.73739  3.18146  2.89801  2.37887  2.77519  2.98518  4.58477  3.61503
          0.01479  4.61709  5.33944  0.61958  0.77255  0.48576  0.95510
     70   2.35524  3.44329  4.28969  3.69876  3.02692  3.61945  4.16385  2.49604  3.56451  1.91436  2.96735  3.86971  4.22171  3.76972  3.71543  2.26564  2.26695  2.21696  4.80586  3.61764     86 l - - H
          2.68618  4.42225  2.77519  2.73123  3.46354  2.40513  3.72494  3.29354  2.67741  2.69355  4.24690  2.90347  2.73739  3.18146  2.89801  2.37887  2.77519  2.98518  4.58477  3.61503
          0.01479  4.61709  5.33944  0.61958  0.77255  0.48576  0.95510
     71   2.52403  4.34030  4.85137  4.25596  2.71898  4.19167  4.53820  1.93478  4.08039  1.33465  3.06868  4.31660  4.52143  4.21745  4.13095  3.50997  3.04534  1.82190  5.01549  3.85680     87 l - - H
          2.68618  4.42225  2.77519  2.73123  3.46354  2.40513  3.72494  3.29354  2.67741  2.69355  4.24690  2.90347  2.73739  3.18146  2.89801  2.37887  2.77519  2.98518  4.58477  3.61503
          0.01479  4.61709  5.33944  0.61958  0.77255  0.48576  0.95510
     72   3.28430  4.60120  5.11690  4.54562  3.50723  4.57544  4.95853  2.04595  4.40371  1.03774  3.05600  4.67708  4.84712  4.53441  4.48556  3.91398  2.92959  1.54079  5.36928  4.24386     88 l - - H
          2.68618  4.42225  2.77519  2.73123  3.46354  2.40513  3.72494  3.29354  2.67741  2.69355  4.24690  2.90347  2.73739  3.18146  2.89801  2.37887  2.77519  2.98518  4.58477  3.61503
          0.01479  4.61709  5.33944  0.61958  0.77255  0.48576  0.95510
     73   2.73854  4.14465  4.51203  3.90919  2.38681  2.59387  4.20946  2.02357  3.73436  2.07163  2.70123  3.98383  4.25166  3.90084  3.80962  2.99691  2.83249  2.15601  4.76361  3.00766     89 i - - H
          2.68618  4.42225  2.77519  2.73123  3.46354  2.40513  3.72494  3.29354  2.67741  2.69355  4.24690  2.90347  2.73739  3.18146  2.89801  2.37887  2.77519  2.98518  4.58477  3.61503
          0.01479  4.61709  5.33944  0.61958  0.77255  0.48576  0.95510
     74   3.31120  5.12197  3.68449  3.30735  2.93314  4.02865  0.96399  3.79990  3.19154  3.30557  4.31489  3.66808  4.46703  3.58632  3.50038  2.84558  3.56410  3.56225  4.53705  2.21164     90 h - - H
          2.68618  4.42225  2.77519  2.73123  3.46354  2.40513  3.72494  3.29354  2.67741  2.69355  4.24690  2.90347  2.73739  3.18146  2.89801  2.37887  2.77519  2.98518  4.58477  3.61503
          0.01479  4.61709  5.33944  0.61958  0.77255  0.48576  0.95510
     75   2.38865  2.42474  3.77381  3.20279  3.25642  3.75013  4.02613  2.59935  3.13985  2.36767  3.48189  3.56029  4.13018  2.65953  3.45068  2.26639  2.49929  2.63584  4.96799  3.74955     91 s - - H
          2.68618  4.42225  2.77519  2.73123  3.46354  2.40513  3.72494  3.29354  2.67741  2.69355  4.24690  2.90347  2.73739  3.18146  2.89801  2.37887  2.77519  2.98518  4.58477  3.61503
          0.01479  4.61709  5.33944  0.61958  0.77255  0.48576  0.95510
     76   3.24985  5.09057  3.75350  3.24521  2.65260  4.05107  1.40703  3.70557  3.14875  3.20926  4.20444  3.62349  4.42320  2.30318  3.50437  3.31086  3.47485  3.47457  4.45247  1.84292     92 h - - H
          2.68618  4.42225  2.77519  2.73123  3.46354  2.40513  3.72494  3.29354  2.67741  2.69355  4.24690  2.90347  2.73739  3.18146  2.89801  2.37887  2.77519  2.98518  4.58477  3.61503
          0.01479  4.61709  5.33944  0.61958  0.77255  0.48576  0.95510
     77   2.44832  3.80217  4.56037  3.95430  3.22724  3.88967  4.21575  2.04277  3.76907  2.01977  2.79085  4.00508  4.25467  3.92636  3.82646  3.06562  2.38356  2.27352  2.78326  2.77459     93 l - - H
          2.68618  4.42225  2.77519  2.73123  3.46354  2.40513  3.72494  3.29354  2.67741  2.69355  4.24690  2.90347  2.73739  3.18146  2.89801  2.37887  2.77519  2.98518  4.58477  3.61503
          0.01479  4.61709  5.33944  0.61958  0.77255  0.48576  0.95510
     78   3.17078  5.49616  2.70963  2.07914  4.85849  0.94272  3.20616  4.38665  2.98446  3.92287  4.77203  3.14214  4.18612  3.27761  3.45285  3.12783  3.46634  3.98850  6.06116  4.65043     94 g - - H
          2.68618  4.42225  2.77519  2.73123  3.46354  2.40513  3.72494  3.29354  2.67741  2.69355  4.24690  2.90347  2.73739  3.18146  2.89801  2.37887  2.77519  2.98518  4.58477  3.61503
          0.01479  4.61709  5.33944  0.61958  0.77255  0.48576  0.95510
     79   3.55472  4.83910  5.40635  4.82490  1.15389  4.83608  5.09279  2.11236  4.67371  1.37269  2.98216  4.94987  5.01486  4.67204  4.68125  4.18486  3.77128  2.33913  5.31157  4.18901     95 f - - H
          2.68618  4.42225  2.77519  2.73123  3.46354  2.40513  3.72494  3.29354  2.67741  2.69355  4.24690  2.90347  2.73739  3.18146  2.89801  2.37887  2.77519  2.98518  4.58477  3.61503
          0.01479  4.61709  5.33944  0.61958  0.77255  0.48576  0.95510
     80   2.75127  5.25295  2.81973  2.00482  4.59289  3.35025  2.86638  4.07607  2.13978  3.55544  4.29608  2.86098  3.91285  2.12945  2.94024  2.51801  2.46973  3.64105  5.68730  4.27783     96 e - - H
          2.68618  4.42225  2.77519  2.73123  3.46354  2.40513  3.72494  3.29354  2.67741  2.69355  4.24690  2.90347  2.73739  3.18146  2.89801  2.37887  2.77519  2.98518  4.58477  3.61503
          0.01479  4.61709  5.33944  0.61958  0.77255  0.48576  0.95510
     81   1.62631  4.63658  3.61176  3.27585  4.77774  2.73568  4.44946  4.23300  3.37691  3.85797  4.64756  2.84271  4.05009  3.66111  3.76320  1.02838  3.08304  3.64793  6.05974  4.80680     97 s - - H
          2.68618  4.42225  2.77519  2.73123  3.46354  2.40513  3.72494  3.29354  2.67741  2.69355  4.24690  2.90347  2.73739  3.18146  2.89801  2.37887  2.77519  2.98518  4.58477  3.61503
          0.01479  4.61709  5.33944  0.61958  0.77255  0.48576  0.95510
     82   2.87726  1.60804  4.65597  4.06740  3.39176  4.06025  4.42068  2.07764  3.90492  2.19831  3.00557  4.15955  4.41914  4.08309  3.99677  3.00489  3.11553  1.82208  4.97199  3.78947     98 c - - H
          2.68618  4.42225  2.77519  2.73123  3.46354  2.40513  3.72494  3.29354  2.67741  2.69355  4.24690  2.90347  2.73739  3.18146  2.89801  2.37887  2.77519  2.98518  4.58477  3.61503
          0.01479  4.61709  5.33944  0.61958  0.77255  0.48576  0.95510
     83   3.55329  4.76118  5.59959  5.14819  4.09588  5.13905  5.91464  0.80241  5.08270  2.50631  3.83080  5.31170  5.37732  5.34179  5.25376  4.58414  3.81993  1.17102  6.23072  5.01145     99 i - - H
          2.68618  4.42225  2.77519  2.73123  3.46354  2.40513  3.72494  3.29354  2.67741  2.69355  4.24690  2.90347  2.73739  3.18146  2.89801  2.37887  2.77519  2.98518  4.58477  3.61503
          0.01479  4.61709  5.33944  0.61958  0.77255  0.48576  0.95510
     84   2.91681  4.31393  4.60036  4.01746  3.42945  4.10100  4.44625  1.41036  3.87240  2.19808  3.40006  4.15732  4.45157  4.06885  3.99851  3.40977  1.98905  1.87102  5.02636  3.18500    100 i - - H
          2.68618  4.42225  2.77519  2.73123  3.46354  2.40513  3.72494  3.29354  2.67741  2.69355  4.24690  2.90347  2.73739  3.18146  2.89801  2.37887  2.77519  2.98518  4.58477  3.61503
          0.01479  4.61709  5.33944  0.61958  0.77255  0.48576  0.95510
     85   3.99809  6.05340  0.26495  3.11916  5.58059  3.97254  4.83749  5.38491  4.08998  4.86360  5.91295  3.69446  4.67310  4.11427  4.66228  3.91321  4.36705  4.95815  6.56621  5.40366    101 D - - H
          2.68618  4.42225  2.77519  2.73123  3.46354  2.40513  3.72494  3.29354  2.67741  2.69355  4.24690  2.90347  2.73739  3.18146  2.89801  2.37887  2.77519  2.98518  4.58477  3.61503
          0.01479  4.61709  5.33944  0.61958  0.77255  0.48576  0.95510
     86   4.47067  5.65279  5.01366  4.92257  2.70653  4.75688  4.21612  4.41154  4.77431  3.66183  5.00746  4.74615  5.23263  4.87851  4.78147  4.51013  4.77061  4.32001  4.36085  0.28435    102 Y - - H
          2.68618  4.42225  2.77519  2.73123  3.46354  2.40513  3.72494  3.29354  2.67741  2.69355  4.24690  2.90347  2.73739  3.18146  2.89801  2.37887  2.77519  2.98518  4.58477  3.61503
          0.01479  4.61709  5.33944  0.61958  0.77255  0.48576  0.95510
     87   2.71879  4.45178  5.05462  4.48053  2.73389  4.42237  4.81761  1.22120  4.32326  2.14348  3.00440  4.55321  4.73177  4.47332  4.38656  3.75741  3.37081  1.50441  5.27167  4.10505    103 i - - S
          2.68618  4.42225  2.77519  2.73123  3.46354  2.40513  3.72494  3.29354  2.67741  2.69355  4.24690  2.90347  2.73739  3.18146  2.89801  2.37887  2.77519  2.98518  4.58477  3.61503
          0.01479  4.61709  5.33944  0.61958  0.77255  0.48576  0.95510
     88   2.92826  5.21836  3.20870  2.67104  4.56060  3.66275  3.42569  3.98629  2.40546  3.50571  4.30894  3.17533  1.60387  2.65134  1.97029  2.63670  3.15040  3.62312  5.65195  4.33648    104 p - - -
          2.68618  4.42225  2.77519  2.73123  3.46354  2.40513  3.72494  3.29354  2.67741  2.69355  4.24690  2.90347  2.73739  3.18146  2.89801  2.37887  2.77519  2.98518  4.58477  3.61503
          0.01479  4.61709  5.33944  0.61958  0.77255  0.48576  0.95510
     89   2.59245  5.22474  3.02025  2.26271  4.55875  3.53710  3.71941  4.02676  1.62390  3.51992  4.27320  3.01281  2.60598  2.64699  2.74576  2.53865  2.76322  3.61048  5.66032  4.27050    105 k - - S
          2.68618  4.42225  2.77519  2.73123  3.46354  2.40513  3.72494  3.29354  2.67741  2.69355  4.24690  2.90347  2.73739  3.18146  2.89801  2.37887  2.77519  2.98518  4.58477  3.61503
          0.01479  4.61709  5.33944  0.61958  0.77255  0.48576  0.95510
     90   2.74360  5.09628  2.79384  2.26654  4.38376  3.54141  3.73190  3.20683  2.26789  3.37494  4.15323  3.03682  3.93280  2.85199  1.70079  2.57703  2.97398  3.45593  4.68859  3.51874    106 r - - S
          2.68618  4.42225  2.77519  2.73123  3.46354  2.40513  3.72494  3.29354  2.67741  2.69355  4.24690  2.90347  2.73739  3.18146  2.89801  2.37887  2.77519  2.98518  4.58477  3.61503
          0.01479  4.61709  5.33944  0.61958  0.77255  0.48576  0.95510
     91   2.89149  4.80132  3.54139  2.93077  4.00125  3.75754  3.89669  3.35012  1.97782  2.39888  3.88905  3.37218  4.12939  2.94503  2.19818  3.01218  3.10725  1.72976  5.31145  4.06876    107 v - - S
          2.68618  4.42225  2.77519  2.73123  3.46354  2.40513  3.72494  3.29354  2.67741  2.69355  4.24690  2.90347  2.73739  3.18146  2.89801  2.37887  2.77519  2.98518  4.58477  3.61503
          0.01479  4.61709  5.33944  0.61958  0.77255  0.48576  0.95510
     92   2.95831  4.32911  4.77764  4.18818  1.99361  4.12272  4.34793  2.25168  4.00567  2.02508  3.10073  4.22273  4.46022  4.12948  4.04943  3.43613  3.18822  1.97205  4.77991  1.80296    108 y - - S
          2.68618  4.42225  2.77519  2.73123  3.46354  2.40513  3.72494  3.29354  2.67741  2.69355  4.24690  2.90347  2.73739  3.18146  2.89801  2.37887  2.77519  2.98518  4.58477  3.61503
          0.01479  4.61709  5.33944  0.61958  0.77255  0.48576  0.95510
     93   2.88468  5.17021  3.09299  2.64002  4.57657  1.50697  3.86201  4.01055  2.25350  3.54489  4.34389  2.99920  2.40850  2.99507  2.62635  2.88730  3.13704  3.62644  5.71056  4.37412    109 g - - -
          2.68612  4.42230  2.77524  2.73109  3.46359  2.40504  3.72499  3.29359  2.67746  2.69360  4.24694  2.90334  2.73744  3.18151  2.89805  2.37892  2.77511  2.98523  4.58482  3.61508
          0.21028  1.68823  5.33944  0.18699  1.76875  0.48576  0.95510
     94   2.34727  4.59827  3.41991  2.85662  3.21759  3.66030  3.89426  2.70131  2.00539  2.82101  3.21502  3.31311  3.81542  3.15119  2.68903  2.58267  2.78282  2.47782  5.15997  3.89815    111 k - - H
          2.68618  4.42225  2.77519  2.73123  3.46354  2.40513  3.72494  3.29354  2.67741  2.69355  4.24690  2.90347  2.73739  3.18146  2.89801  2.37887  2.77519  2.98518  4.58477  3.61503
          0.01479  4.61709  5.33944  0.61958  0.77255  0.48576  0.95510
     95   2.19272  4.15437  4.44687  3.84750  2.96309  3.87506  4.19397  2.41653  3.68452  1.83388  3.27128  3.70831  4.24139  3.86230  3.78133  3.05192  2.65165  2.10872  2.55246  3.21263    112 l - - H
          2.68618  4.42225  2.77519  2.73123  3.46354  2.40513  3.72494  3.29354  2.67741  2.69355  4.24690  2.90347  2.73739  3.18146  2.89801  2.37887  2.77519  2.98518  4.58477  3.61503
          0.01479  4.61709  5.33944  0.61958  0.77255  0.48576  0.95510
     96   2.53466  5.02159  3.08892  2.53198  3.95558  3.30202  2.04290  3.71676  2.46307  3.29107  4.08530  3.06065  3.00531  2.75762  2.58162  2.65433  2.72299  3.36787  5.50613  3.50943    113 h - - H
          2.68618  4.42225  2.77519  2.73123  3.46354  2.40513  3.72494  3.29354  2.67741  2.69355  4.24690  2.90347  2.73739  3.18146  2.89801  2.37887  2.77519  2.98518  4.58477  3.61503
          0.01479  4.61709  5.33944  0.61958  0.77255  0.48576  0.95510
     97   2.67724  5.22723  3.01046  2.46428  4.56181  3.02466  3.44862  4.03232  1.59455  3.52388  4.27508  2.30012  3.36792  2.71420  2.81473  2.73311  2.71378  3.61318  5.66351  4.27021    114 k - - H
          2.68618  4.42225  2.77519  2.73123  3.46354  2.40513  3.72494  3.29354  2.67741  2.69355  4.24690  2.90347  2.73739  3.18146  2.89801  2.37887  2.77519  2.98518  4.58477  3.61503
          0.01479  4.61709  5.33944  0.61958  0.77255  0.48576  0.95510
     98   1.95089  4.20868  4.53233  3.93499  2.81986  3.95106  4.26413  2.31091  3.77051  1.73088  3.27586  4.03139  4.30937  3.93973  3.86016  3.25408  3.03343  2.12866  4.81477  2.33235    115 l - - H
          2.68618  4.42225  2.77519  2.73123  3.46354  2.40513  3.72494  3.29354  2.67741  2.69355  4.24690  2.90347  2.73739  3.18146  2.89801  2.37887  2.77519  2.98518  4.58477  3.61503
          0.01479  4.61709  5.33944  0.61958  0.77255  0.48576  0.95510
     99   1.17178  4.37707  3.92836  3.37117  3.02096  3.75113  4.14859  2.82484  3.29360  2.50795  3.08268  3.67702  4.18006  3.57006  3.57813  2.90933  2.82297  2.61748  5.04239  3.82626    116 a - - H
          2.68618  4.42225  2.77519  2.73123  3.46354  2.40513  3.72494  3.29354  2.67741  2.69355  4.24690  2.90347  2.73739  3.18146  2.89801  2.37887  2.77519  2.98518  4.58477  3.61503
          0.01479  4.61709  5.33944  0.61958  0.77255  0.48576  0.95510
    100   2.73500  4.22669  3.11715  2.84002  3.77688  3.65512  2.34358  2.75715  2.58903  2.59385  2.30698  3.11630  4.03886  3.13787  3.21748  2.71920  2.68474  2.90216  5.17230  3.90748    117 m - - H
          2.68618  4.42225  2.77519  2.73123  3.46354  2.40513  3.72494  3.29354  2.67741  2.69355  4.24690  2.90347  2.73739  3.18146  2.89801  2.37887  2.77519  2.98518  4.58477  3.61503
          0.01479  4.61709  5.33944  0.61958  0.77255  0.48576  0.95510
    101   2.73756  3.84199  4.09885  3.51597  3.16182  2.80921  4.11386  2.51890  2.90020  2.44001  3.35713  3.76213  4.19292  3.64655  3.41586  3.10168  2.96954  2.31237  2.69496  2.03354    118 y - - H
          2.68618  4.42225  2.77519  2.73123  3.46354  2.40513  3.72494  3.29354  2.67741  2.69355  4.24690  2.90347  2.73739  3.18146  2.89801  2.37887  2.77519  2.98518  4.58477  3.61503
          0.01479  4.61709  5.33944  0.61958  0.77255  0.48576  0.95510
    102   2.40470  3.66122  4.43759  3.84630  3.31431  2.98862  4.25556  2.33759  3.69788  1.28797  3.11534  3.97978  4.28967  3.88871  3.82035  3.22275  3.02046  2.19128  4.85545  3.67226    119 l - - H
          2.68618  4.42225  2.77519  2.73123  3.46354  2.40513  3.72494  3.29354  2.67741  2.69355  4.24690  2.90347  2.73739  3.18146  2.89801  2.37887  2.77519  2.98518  4.58477  3.61503
          0.01479  4.61709  5.33944  0.61958  0.77255  0.48576  0.95510
    103   3.40231  4.80230  5.03964  4.52493  3.50380  4.55481  5.07718  2.44051  4.34287  0.65414  3.31539  4.70183  4.89124  4.52773  4.46669  3.93641  2.97339  2.18824  5.49734  4.39965    120 L - - H
          2.68618  4.42225  2.77519  2.73123  3.46354  2.40513  3.72494  3.29354  2.67741  2.69355  4.24690  2.90347  2.73739  3.18146  2.89801  2.37887  2.77519  2.98518  4.58477  3.61503
          0.01479  4.61709  5.33944  0.61958  0.77255  0.48576  0.95510
    104   2.31855  4.64197  3.37307  2.81105  3.81236  3.11269  3.87555  2.93414  2.78436  2.47622  3.73539  2.93416  4.03050  3.11409  2.52599  2.74184  2.39327  2.93527  5.19760  2.55667    121 a - - H
          2.68618  4.42225  2.77519  2.73123  3.46354  2.40513  3.72494  3.29354  2.67741  2.69355  4.24690  2.90347  2.73739  3.18146  2.89801  2.37887  2.77519  2.98518  4.58477  3.61503
          0.01479  4.61709  5.33944  0.61958  0.77255  0.48576  0.95510
    105   2.23521  4.22092  4.20159  3.61666  2.56911  2.53964  4.15260  2.48691  3.49811  1.77527  3.33782  3.82475  4.21317  3.71928  3.68082  2.71115  2.97515  2.21334  4.83902  3.64658    122 l - - H
          2.68618  4.42225  2.77519  2.73123  3.46354  2.40513  3.72494  3.29354  2.67741  2.69355  4.24690  2.90347  2.73739  3.18146  2.89801  2.37887  2.77519  2.98518  4.58477  3.61503
          0.01479  4.61709  5.33944  0.61958  0.77255  0.48576  0.95510
    106   2.23926  3.80997  4.19037  3.60536  3.01385  1.86198  4.15118  2.43354  3.48905  2.12576  3.17737  3.81959  4.21390  3.71246  3.67632  2.98796  2.97647  2.22721  4.84394  3.65107    123 g - - H
          2.68618  4.42225  2.77519  2.73123  3.46354  2.40513  3.72494  3.29354  2.67741  2.69355  4.24690  2.90347  2.73739  3.18146  2.89801  2.37887  2.77519  2.98518  4.58477  3.61503
          0.01479  4.61709  5.33944  0.61958  0.77255  0.48576  0.95510
    107   2.59485  4.53056  4.00899  3.73384  4.78875  3.31668  4.74498  4.19162  3.74912  3.90665  4.73207  3.78787  4.09551  4.03581  4.02401  1.27512  1.01942  3.60037  6.13698  4.94389    124 t - - H
          2.68618  4.42225  2.77519  2.73123  3.46354  2.40513  3.72494  3.29354  2.67741  2.69355  4.24690  2.90347  2.73739  3.18146  2.89801  2.37887  2.77519  2.98518  4.58477  3.61503
          0.01479  4.61709  5.33944  0.61958  0.77255  0.48576  0.95510
    108   2.06514  3.85079  4.29740  3.70738  2.77226  2.46563  4.17227  2.62550  3.57292  1.95319  3.06123  3.87628  4.22605  3.77800  3.72339  2.99383  2.97331  1.94188  4.81385  3.62568    125 v - - H
          2.68618  4.42225  2.77519  2.73123  3.46354  2.40513  3.72494  3.29354  2.67741  2.69355  4.24690  2.90347  2.73739  3.18146  2.89801  2.37887  2.77519  2.98518  4.58477  3.61503
          0.01479  4.61709  5.33944  0.61958  0.77255  0.48576  0.95510
    109   2.08304  4.21501  4.53179  3.93801  2.71937  3.96463  4.29951  2.34824  3.77916  1.69314  3.31735  4.04397  4.32651  3.95834  3.87896  3.07566  2.91851  1.66081  4.86931  3.68696    126 v - - H
          2.68618  4.42225  2.77519  2.73123  3.46354  2.40513  3.72494  3.29354  2.67741  2.69355  4.24690  2.90347  2.73739  3.18146  2.89801  2.37887  2.77519  2.98518  4.58477  3.61503
          0.01479  4.61709  5.33944  0.61958  0.77255  0.48576  0.95510
    110   2.24278  4.57816  3.55201  3.01224  3.95760  2.48267  4.04821  3.32821  2.98391  2.57499  3.88414  3.40766  4.04554  3.30201  3.37491  1.90371  1.95022  2.68696  5.34692  4.09210    127 s - - H
          2.68618  4.42225  2.77519  2.73123  3.46354  2.40513  3.72494  3.29354  2.67741  2.69355  4.24690  2.90347  2.73739  3.18146  2.89801  2.37887  2.77519  2.98518  4.58477  3.61503
          0.01479  4.61709  5.33944  0.61958  0.77255  0.48576  0.95510
    111   2.51069  4.28296  4.29729  3.71442  3.11007  2.56895  4.24354  2.61759  3.59245  1.28198  2.92044  3.91806  4.28858  3.80688  3.76801  3.21458  3.04958  2.28841  4.90445  3.72053    128 l - - H
          2.68618  4.42225  2.77519  2.73123  3.46354  2.40513  3.72494  3.29354  2.67741  2.69355  4.24690  2.90347  2.73739  3.18146  2.89801  2.37887  2.77519  2.98518  4.58477  3.61503
          0.01479  4.61709  5.33944  0.61958  0.77255  0.48576  0.95510
    112   2.76306  4.17203  4.50265  3.90529  2.73742  2.59255  4.19333  2.39821  3.73542  2.15886  3.28499  3.98573  4.26823  3.90288  3.81848  3.20595  2.99502  1.81937  3.97930  2.10497    129 v - - H
          2.68618  4.42225  2.77519  2.73123  3.46354  2.40513  3.72494  3.29354  2.67741  2.69355  4.24690  2.90347  2.73739  3.18146  2.89801  2.37887  2.77519  2.98518  4.58477  3.61503
          0.01479  4.61709  5.33944  0.61958  0.77255  0.48576  0.95510
    113   1.92385  4.60063  4.06500  3.97924  5.11230  0.56943  5.04271  4.55279  4.17660  4.27274  5.09357  3.94043  4.17697  4.38439  4.38684  2.87470  3.23297  3.83656  6.41398  5.30279    130 G - - H
          2.68618  4.42225  2.77519  2.73123  3.46354  2.40513  3.72494  3.29354  2.67741  2.69355  4.24690  2.90347  2.73739  3.18146  2.89801  2.37887  2.77519  2.98518  4.58477  3.61503
          0.01479  4.61709  5.33944  0.61958  0.77255  0.48576  0.95510
    114   3.62672  4.84776  5.60941  5.08273  3.66007  5.10997  5.59823  1.18655  4.97592  1.12598  3.41476  5.25049  5.26793  5.05145  5.04080  4.50823  3.86392  1.69540  5.79138  4.71429    131 l - - H
          2.68618  4.42225  2.77519  2.73123  3.46354  2.40513  3.72494  3.29354  2.67741  2.69355  4.24690  2.90347  2.73739  3.18146  2.89801  2.37887  2.77519  2.98518  4.58477  3.61503
          0.01479  4.61709  5.33944  0.61958  0.77255  0.48576  0.95510
    115   4.21480  5.34407  5.32487  5.07185  1.78379  4.96004  3.89485  3.73442  4.87454  2.14945  4.30632  4.62246  5.22913  4.70776  4.79619  4.33423  4.42333  3.70761  3.99882  0.66955    132 Y - - H
          2.68618  4.42225  2.77519  2.73123  3.46354  2.40513  3.72494  3.29354  2.67741  2.69355  4.24690  2.90347  2.73739  3.18146  2.89801  2.37887  2.77519  2.98518  4.58477  3.61503
          0.01479  4.61709  5.33944  0.61958  0.77255  0.48576  0.95510
    116   2.73726  5.13107  3.03295  1.89322  4.43105  3.52898  3.14811  3.88586  2.21649  3.15730  4.18410  2.77279  3.92148  2.56896  2.95562  2.64280  2.74387  2.98883  5.59110  2.83711    133 e - - H
          2.68618  4.42225  2.77519  2.73123  3.46354  2.40513  3.72494  3.29354  2.67741  2.69355  4.24690  2.90347  2.73739  3.18146  2.89801  2.37887  2.77519  2.98518  4.58477  3.61503
          0.01479  4.61709  5.33944  0.61958  0.77255  0.48576  0.95510
    117   3.76002  5.01143  5.63085  5.04049  1.52994  5.06414  5.29103  2.25163  4.89077  0.92346  2.46799  5.19374  5.15732  4.79630  4.85134  4.42706  3.96366  2.78837  5.38873  4.34001    134 l - - H
          2.68618  4.42225  2.77519  2.73123  3.46354  2.40513  3.72494  3.29354  2.67741  2.69355  4.24690  2.90347  2.73739  3.18146  2.89801  2.37887  2.77519  2.98518  4.58477  3.61503
          0.01479  4.61709  5.33944  0.61958  0.77255  0.48576  0.95510
    118   2.82548  5.20938  2.93373  1.33152  4.50769  3.54676  3.78955  3.15112  2.56236  3.49512  4.27825  2.37495  3.97564  2.76776  3.04097  2.80520  2.75873  3.57367  5.67620  4.29244    135 e - - H
          2.68618  4.42225  2.77519  2.73123  3.46354  2.40513  3.72494  3.29354  2.67741  2.69355  4.24690  2.90347  2.73739  3.18146  2.89801  2.37887  2.77519  2.98518  4.58477  3.61503
          0.01479  4.61709  5.33944  0.61958  0.77255  0.48576  0.95510
    119   2.74591  4.71447  3.31166  2.75703  3.32921  3.63142  3.47856  3.28451  2.66034  2.94848  3.80535  3.23807  4.01968  2.76449  3.14951  2.46866  1.51288  3.01709  5.24958  3.52475    136 t - - S
          2.68618  4.42225  2.77519  2.73123  3.46354  2.40513  3.72494  3.29354  2.67741  2.69355  4.24690  2.90347  2.73739  3.18146  2.89801  2.37887  2.77519  2.98518  4.58477  3.61503
          0.01479  4.61709  5.33944  0.61958  0.77255  0.48576  0.95510
    120   2.49523  5.26910  2.80917  1.98998  4.60531  3.51534  3.72449  4.08810  2.14628  3.57035  4.31482  1.96537  3.92390  2.61053  2.96738  2.54192  2.65904  3.65551  5.70532  4.29423    137 n - - S
          2.68618  4.42225  2.77519  2.73123  3.46354  2.40513  3.72494  3.29354  2.67741  2.69355  4.24690  2.90347  2.73739  3.18146  2.89801  2.37887  2.77519  2.98518  4.58477  3.61503
          0.01479  4.61709  5.33944  0.61958  0.77255  0.48576  0.95510
    121   3.08933  5.68689  1.32800  1.95119  4.99663  3.04040  3.95435  4.51416  2.69661  3.97939  4.76799  2.09345  4.08376  3.08831  3.42116  2.49904  3.35146  4.06424  6.11820  4.63525    138 d - - S
          2.68618  4.42225  2.77519  2.73123  3.46354  2.40513  3.72494  3.29354  2.67741  2.69355  4.24690  2.90347  2.73739  3.18146  2.89801  2.37887  2.77519  2.98518  4.58477  3.61503
          0.01479  4.61709  5.33944  0.61958  0.77255  0.48576  0.95510
    122   2.62413  4.57117  3.13728  2.89891  3.73114  2.94760  3.92026  2.26851  2.87507  2.79394  3.67307  2.16776  4.06027  3.19282  3.26775  2.91043  2.97489  2.07041  5.14414  3.58836    139 v - - S
          2.68618  4.42225  2.77520  2.73124  3.46354  2.40513  3.72495  3.29354  2.67741  2.69355  4.24690  2.90347  2.73740  3.18132  2.89801  2.37887  2.77520  2.98519  4.58477  3.61504
          0.03712  3.45343  5.33944  0.47954  0.96513  0.48576  0.95510
    123   3.82759  5.46821  4.64010  4.65052  5.66648  0.15419  5.65652  5.50990  4.92308  5.03460  6.05772  4.80795  4.87000  5.18990  5.01925  4.02841  4.35907  4.89664  6.50624  5.81271    141 G - - -
          2.68618  4.42225  2.77519  2.73123  3.46354  2.40513  3.72494  3.29354  2.67741  2.69355  4.24690  2.90347  2.73739  3.18146  2.89801  2.37887  2.77519  2.98518  4.58477  3.61503
          0.01479  4.61709  5.33944  0.61958  0.77255  0.48576  0.95510
    124   3.49082  4.76283  5.43972  4.86173  2.63226  4.82211  5.17899  1.42687  4.71144  1.13628  3.01043  4.96938  5.01847  4.73463  4.71859  4.17737  3.71464  1.85928  5.42558  4.35780    142 l - - H
          2.68618  4.42225  2.77519  2.73123  3.46354  2.40513  3.72494  3.29354  2.67741  2.69355  4.24690  2.90347  2.73739  3.18146  2.89801  2.37887  2.77519  2.98518  4.58477  3.61503
          0.01479  4.61709  5.33944  0.61958  0.77255  0.48576  0.95510
    125   2.25337  3.78132  4.28617  3.69600  2.60729  3.85640  4.16843  2.31609  3.32722  2.38848  3.13207  3.87062  4.22562  3.77031  3.71735  3.00994  1.80093  2.10958  4.81423  3.62555    143 t - - H
          2.68618  4.42225  2.77519  2.73123  3.46354  2.40513  3.72494  3.29354  2.67741  2.69355  4.24690  2.90347  2.73739  3.18146  2.89801  2.37887  2.77519  2.98518  4.58477  3.61503
          0.01479  4.61709  5.33944  0.61958  0.77255  0.48576  0.95510
    126   2.73749  5.42918  1.96842  1.72507  4.75803  2.37651  3.81536  4.25357  2.39352  3.72859  4.48634  2.50061  3.98790  2.92860  3.13756  2.83350  2.88884  3.81343  5.86362  4.42693    144 e - - H
          2.68618  4.42225  2.77519  2.73123  3.46354  2.40513  3.72494  3.29354  2.67741  2.69355  4.24690  2.90347  2.73739  3.18146  2.89801  2.37887  2.77519  2.98518  4.58477  3.61503
          0.01479  4.61709  5.33944  0.61958  0.77255  0.48576  0.95510
    127   2.15635  4.24706  4.10952  3.52850  3.07609  3.03330  4.13055  2.53476  3.42391  1.63275  3.36579  3.77167  4.19761  3.65978  3.63641  2.92815  2.34489  2.30959  4.86472  3.66824    145 l - - H
          2.68618  4.42225  2.77519  2.73123  3.46354  2.40513  3.72494  3.29354  2.67741  2.69355  4.24690  2.90347  2.73739  3.18146  2.89801  2.37887  2.77519  2.98518  4.58477  3.61503
          0.01479  4.61709  5.33944  0.61958  0.77255  0.48576  0.95510
    128   3.26163  4.03737  5.24654  4.69218  3.01086  4.62563  5.06941  1.40516  4.55025  1.84426  3.52426  4.76972  4.91003  4.70282  4.61696  3.97923  3.50298  1.14083  5.48062  4.31098    146 v - - H
          2.68618  4.42225  2.77519  2.73123  3.46354  2.40513  3.72494  3.29354  2.67741  2.69355  4.24690  2.90347  2.73739  3.18146  2.89801  2.37887  2.77519  2.98518  4.58477  3.61503
          0.01479  4.61709  5.33944  0.61958  0.77255  0.48576  0.95510
    129   2.63528  5.24954  3.08402  2.34274  4.59850  3.36124  3.73837  4.05478  1.56898  3.54172  4.30402  3.05709  3.96983  2.84483  2.06048  2.36115  2.88660  3.64548  5.67196  4.30351    147 k - - H
          2.68618  4.42225  2.77519  2.73123  3.46354  2.40513  3.72494  3.29354  2.67741  2.69355  4.24690  2.90347  2.73739  3.18146  2.89801  2.37887  2.77519  2.98518  4.58477  3.61503
          0.01479  4.61709  5.33944  0.61958  0.77255  0.48576  0.95510
    130   2.71252  5.20316  3.14118  2.56724  4.53718  3.59994  3.75037  3.97767  1.71213  3.05864  4.26343  2.87496  3.98759  2.86411  1.91923  2.21870  2.91907  3.59134  5.63306  4.28384    148 k - - H
          2.68618  4.42225  2.77519  2.73123  3.46354  2.40513  3.72494  3.29354  2.67741  2.69355  4.24690  2.90347  2.73739  3.18146  2.89801  2.37887  2.77519  2.98518  4.58477  3.61503
          0.01479  4.61709  5.33944  0.61958  0.77255  0.48576  0.95510
    131   2.72305  4.48495  5.08668  4.50774  3.03050  4.44754  4.82924  1.52381  4.34717  1.46855  3.12506  4.58098  4.74497  4.47615  4.39887  3.78213  3.40134  1.54895  5.25619  4.10793    149 l - - H
          2.68618  4.42225  2.77519  2.73123  3.46354  2.40513  3.72494  3.29354  2.67741  2.69355  4.24690  2.90347  2.73739  3.18146  2.89801  2.37887  2.77519  2.98518  4.58477  3.61503
          0.01479  4.61709  5.33944  0.61958  0.77255  0.48576  0.95510
    132   3.65260  3.82509  5.04050  4.64156  2.06851  4.54500  4.01851  3.38079  4.43832  2.82771  4.02133  4.44767  4.90848  4.47142  4.46452  3.92164  3.90364  3.28169  0.78063  2.51864    150 w - - H
          2.68618  4.42225  2.77519  2.73123  3.46354  2.40513  3.72494  3.29354  2.67741  2.69355  4.24690  2.90347  2.73739  3.18146  2.89801  2.37887  2.77519  2.98518  4.58477  3.61503
          0.01479  4.61709  5.33944  0.61958  0.77255  0.48576  0.95510
    133   2.36247  5.18561  2.67659  2.45100  4.50648  3.30178  3.37843  3.97568  2.11145  3.48050  3.69966  2.51611  3.91058  2.81222  2.83366  2.09965  2.68079  3.56321  5.63306  3.67703    151 s - - -
          2.68618  4.42225  2.77519  2.73123  3.46354  2.40513  3.72494  3.29354  2.67741  2.69355  4.24690  2.90347  2.73739  3.18146  2.89801  2.37887  2.77519  2.98518  4.58477  3.61503
          0.00998  4.61228        *  0.61958  0.77255  0.00000        *
//
